time,time_ms,speed,acceleration,vehicle_ref,actorConfig_id,actorConfig_emissionClass,actorConfig_fuel,actorConfig_ref,actorConfig_vehicleClass,FuelRate
06:45:00,24300000,0.0,0.0,Route10G_trip152029020_06:45:00,9,Euro4,Gasoline,Gillig_103,Passenger,0.8375094
06:45:01,24301000,0.0,0.0,Route10G_trip152029020_06:45:00,9,Euro4,Gasoline,Gillig_103,Passenger,0.8375094
06:45:02,24302000,0.0,0.0,Route10G_trip152029020_06:45:00,9,Euro4,Gasoline,Gillig_103,Passenger,0.8375094
06:45:03,24303000,0.0,0.0,Route10G_trip152029020_06:45:00,9,Euro4,Gasoline,Gillig_103,Passenger,0.8375094
06:45:04,24304000,0.0,0.0,Route10G_trip152029020_06:45:00,9,Euro4,Gasoline,Gillig_103,Passenger,0.8375094
06:45:05,24305000,0.0,0.0,Route10G_trip152029020_06:45:00,9,Euro4,Gasoline,Gillig_103,Passenger,0.8375094
06:45:06,24306000,0.0,0.0,Route10G_trip152029020_06:45:00,9,Euro4,Gasoline,Gillig_103,Passenger,0.8375094
06:45:07,24307000,0.0,0.0,Route10G_trip152029020_06:45:00,9,Euro4,Gasoline,Gillig_103,Passenger,0.8375094
06:45:08,24308000,0.0,0.0,Route10G_trip152029020_06:45:00,9,Euro4,Gasoline,Gillig_103,Passenger,0.8375094
06:45:09,24309000,0.0,0.0,Route10G_trip152029020_06:45:00,9,Euro4,Gasoline,Gillig_103,Passenger,0.8375094
06:45:10,24310000,0.0,0.0,Route10G_trip152029020_06:45:00,9,Euro4,Gasoline,Gillig_103,Passenger,0.8375094
06:45:11,24311000,0.0,0.0,Route10G_trip152029020_06:45:00,9,Euro4,Gasoline,Gillig_103,Passenger,0.8375094
06:45:12,24312000,0.0,0.0,Route10G_trip152029020_06:45:00,9,Euro4,Gasoline,Gillig_103,Passenger,0.8375094
06:45:13,24313000,0.0,0.0,Route10G_trip152029020_06:45:00,9,Euro4,Gasoline,Gillig_103,Passenger,0.8375094
06:45:14,24314000,0.0,0.0,Route10G_trip152029020_06:45:00,9,Euro4,Gasoline,Gillig_103,Passenger,0.8375094
06:45:15,24315000,0.0,0.0,Route10G_trip152029020_06:45:00,9,Euro4,Gasoline,Gillig_103,Passenger,0.8375094
06:45:16,24316000,0.0,0.0,Route10G_trip152029020_06:45:00,9,Euro4,Gasoline,Gillig_103,Passenger,0.8375094
06:45:17,24317000,0.0,0.0,Route10G_trip152029020_06:45:00,9,Euro4,Gasoline,Gillig_103,Passenger,0.8375094
06:45:18,24318000,0.0,0.0,Route10G_trip152029020_06:45:00,9,Euro4,Gasoline,Gillig_103,Passenger,0.8375094
06:45:19,24319000,0.0,0.0,Route10G_trip152029020_06:45:00,9,Euro4,Gasoline,Gillig_103,Passenger,0.8375094
06:45:20,24320000,0.0,0.0,Route10G_trip152029020_06:45:00,9,Euro4,Gasoline,Gillig_103,Passenger,0.8375094
06:45:21,24321000,0.0,0.0,Route10G_trip152029020_06:45:00,9,Euro4,Gasoline,Gillig_103,Passenger,0.8375094
06:45:22,24322000,0.0,0.0,Route10G_trip152029020_06:45:00,9,Euro4,Gasoline,Gillig_103,Passenger,0.8375094
06:45:23,24323000,0.0,0.0,Route10G_trip152029020_06:45:00,9,Euro4,Gasoline,Gillig_103,Passenger,0.8375094
06:45:24,24324000,0.0,0.0,Route10G_trip152029020_06:45:00,9,Euro4,Gasoline,Gillig_103,Passenger,0.8375094
06:45:25,24325000,0.0,0.0,Route10G_trip152029020_06:45:00,9,Euro4,Gasoline,Gillig_103,Passenger,0.8375094
06:45:26,24326000,0.0,0.0,Route10G_trip152029020_06:45:00,9,Euro4,Gasoline,Gillig_103,Passenger,0.8375094
06:45:27,24327000,0.0,0.0,Route10G_trip152029020_06:45:00,9,Euro4,Gasoline,Gillig_103,Passenger,0.8375094
06:45:28,24328000,0.0,0.0,Route10G_trip152029020_06:45:00,9,Euro4,Gasoline,Gillig_103,Passenger,0.8375094
06:45:29,24329000,0.0,0.0,Route10G_trip152029020_06:45:00,9,Euro4,Gasoline,Gillig_103,Passenger,0.8375094
06:45:30,24330000,0.0,0.0,Route10G_trip152029020_06:45:00,9,Euro4,Gasoline,Gillig_103,Passenger,0.8375094
06:45:31,24331000,0.0,0.0,Route10G_trip152029020_06:45:00,9,Euro4,Gasoline,Gillig_103,Passenger,0.8375094
06:45:32,24332000,0.0,0.0,Route10G_trip152029020_06:45:00,9,Euro4,Gasoline,Gillig_103,Passenger,0.8375094
06:45:33,24333000,0.0,0.0,Route10G_trip152029020_06:45:00,9,Euro4,Gasoline,Gillig_103,Passenger,0.8375094
06:45:34,24334000,0.0,0.0,Route10G_trip152029020_06:45:00,9,Euro4,Gasoline,Gillig_103,Passenger,0.8375094
06:45:35,24335000,0.0,0.0,Route10G_trip152029020_06:45:00,9,Euro4,Gasoline,Gillig_103,Passenger,0.8375094
06:45:36,24336000,0.0,0.0,Route10G_trip152029020_06:45:00,9,Euro4,Gasoline,Gillig_103,Passenger,0.8375094
06:45:37,24337000,0.0,0.0,Route10G_trip152029020_06:45:00,9,Euro4,Gasoline,Gillig_103,Passenger,0.8375094
06:45:38,24338000,0.0,0.0,Route10G_trip152029020_06:45:00,9,Euro4,Gasoline,Gillig_103,Passenger,0.8375094
06:45:39,24339000,0.0,0.0,Route10G_trip152029020_06:45:00,9,Euro4,Gasoline,Gillig_103,Passenger,0.8375094
06:45:40,24340000,0.0,0.0,Route10G_trip152029020_06:45:00,9,Euro4,Gasoline,Gillig_103,Passenger,0.8375094
06:45:41,24341000,0.0,0.0,Route10G_trip152029020_06:45:00,9,Euro4,Gasoline,Gillig_103,Passenger,0.8375094
06:45:42,24342000,0.0,0.0,Route10G_trip152029020_06:45:00,9,Euro4,Gasoline,Gillig_103,Passenger,0.8375094
06:45:43,24343000,0.0,0.0,Route10G_trip152029020_06:45:00,9,Euro4,Gasoline,Gillig_103,Passenger,0.8375094
06:45:44,24344000,0.0,0.0,Route10G_trip152029020_06:45:00,9,Euro4,Gasoline,Gillig_103,Passenger,0.8375094
06:45:45,24345000,0.0,0.0,Route10G_trip152029020_06:45:00,9,Euro4,Gasoline,Gillig_103,Passenger,0.8375094
06:45:46,24346000,0.0,0.0,Route10G_trip152029020_06:45:00,9,Euro4,Gasoline,Gillig_103,Passenger,0.8375094
06:45:47,24347000,0.0,0.0,Route10G_trip152029020_06:45:00,9,Euro4,Gasoline,Gillig_103,Passenger,0.8375094
06:45:48,24348000,0.0,0.0,Route10G_trip152029020_06:45:00,9,Euro4,Gasoline,Gillig_103,Passenger,0.8375094
06:45:49,24349000,0.0,0.0,Route10G_trip152029020_06:45:00,9,Euro4,Gasoline,Gillig_103,Passenger,0.8375094
06:45:50,24350000,0.0,0.0,Route10G_trip152029020_06:45:00,9,Euro4,Gasoline,Gillig_103,Passenger,0.8375094
06:45:51,24351000,0.0,0.0,Route10G_trip152029020_06:45:00,9,Euro4,Gasoline,Gillig_103,Passenger,0.8375094
06:45:52,24352000,0.0,0.0,Route10G_trip152029020_06:45:00,9,Euro4,Gasoline,Gillig_103,Passenger,0.8375094
06:45:53,24353000,0.0,0.0,Route10G_trip152029020_06:45:00,9,Euro4,Gasoline,Gillig_103,Passenger,0.8375094
06:45:54,24354000,0.0,0.0,Route10G_trip152029020_06:45:00,9,Euro4,Gasoline,Gillig_103,Passenger,0.8375094
06:45:55,24355000,0.0,0.0,Route10G_trip152029020_06:45:00,9,Euro4,Gasoline,Gillig_103,Passenger,0.8375094
06:45:56,24356000,0.0,0.0,Route10G_trip152029020_06:45:00,9,Euro4,Gasoline,Gillig_103,Passenger,0.8375094
06:45:57,24357000,0.0,0.0,Route10G_trip152029020_06:45:00,9,Euro4,Gasoline,Gillig_103,Passenger,0.8375094
06:45:58,24358000,0.0,0.0,Route10G_trip152029020_06:45:00,9,Euro4,Gasoline,Gillig_103,Passenger,0.8375094
06:45:59,24359000,0.0,0.0,Route10G_trip152029020_06:45:00,9,Euro4,Gasoline,Gillig_103,Passenger,0.8375094
06:46:00,24360000,0.0,0.0,Route10G_trip152029020_06:45:00,9,Euro4,Gasoline,Gillig_103,Passenger,0.8375094
06:46:01,24361000,0.0,0.0,Route10G_trip152029020_06:45:00,9,Euro4,Gasoline,Gillig_103,Passenger,0.8375094
06:46:02,24362000,0.0,0.0,Route10G_trip152029020_06:45:00,9,Euro4,Gasoline,Gillig_103,Passenger,0.8375094
06:46:03,24363000,3.3480000000000003,0.932,Route10G_trip152029020_06:45:00,9,Euro4,Gasoline,Gillig_103,Passenger,4.6628413
06:46:04,24364000,7.236000000000001,1.077,Route10G_trip152029020_06:45:00,9,Euro4,Gasoline,Gillig_103,Passenger,6.70134
06:46:05,24365000,10.764000000000001,0.981,Route10G_trip152029020_06:45:00,9,Euro4,Gasoline,Gillig_103,Passenger,6.2696695
06:46:06,24366000,13.104000000000001,0.65,Route10G_trip152029020_06:45:00,9,Euro4,Gasoline,Gillig_103,Passenger,3.7465117
06:46:07,24367000,16.452,0.926,Route10G_trip152029020_06:45:00,9,Euro4,Gasoline,Gillig_103,Passenger,6.5739546
06:46:08,24368000,20.160000000000004,1.036,Route10G_trip152029020_06:45:00,9,Euro4,Gasoline,Gillig_103,Passenger,8.234501
06:46:09,24369000,23.472,0.916,Route10G_trip152029020_06:45:00,9,Euro4,Gasoline,Gillig_103,Passenger,7.5297394
06:46:10,24370000,25.704000000000004,0.62,Route10G_trip152029020_06:45:00,9,Euro4,Gasoline,Gillig_103,Passenger,4.898118
06:46:11,24371000,29.088000000000005,0.9380000000000001,Route10G_trip152029020_06:45:00,9,Euro4,Gasoline,Gillig_103,Passenger,8.595115
06:46:12,24372000,29.664000000000005,0.167,Route10G_trip152029020_06:45:00,9,Euro4,Gasoline,Gillig_103,Passenger,2.3380778
06:46:13,24373000,29.664000000000005,0.0,Route10G_trip152029020_06:45:00,9,Euro4,Gasoline,Gillig_103,Passenger,1.7429597
06:46:14,24374000,27.576000000000004,-0.586,Route10G_trip152029020_06:45:00,9,Euro4,Gasoline,Gillig_103,Passenger,0.6527766
06:46:15,24375000,29.628000000000004,0.578,Route10G_trip152029020_06:45:00,9,Euro4,Gasoline,Gillig_103,Passenger,5.0673647
06:46:16,24376000,27.828000000000003,-0.506,Route10G_trip152029020_06:45:00,9,Euro4,Gasoline,Gillig_103,Passenger,0.7084479
06:46:17,24377000,29.124000000000002,0.368,Route10G_trip152029020_06:45:00,9,Euro4,Gasoline,Gillig_103,Passenger,3.4327185
06:46:18,24378000,29.556000000000004,0.114,Route10G_trip152029020_06:45:00,9,Euro4,Gasoline,Gillig_103,Passenger,2.1107695
06:46:19,24379000,28.152000000000005,-0.389,Route10G_trip152029020_06:45:00,9,Euro4,Gasoline,Gillig_103,Passenger,0.9083745
06:46:20,24380000,27.648000000000003,-0.14200000000000002,Route10G_trip152029020_06:45:00,9,Euro4,Gasoline,Gillig_103,Passenger,1.2933364
06:46:21,24381000,29.412000000000003,0.498,Route10G_trip152029020_06:45:00,9,Euro4,Gasoline,Gillig_103,Passenger,4.270493
06:46:22,24382000,28.188000000000002,-0.34400000000000003,Route10G_trip152029020_06:45:00,9,Euro4,Gasoline,Gillig_103,Passenger,0.9825015
06:46:23,24383000,19.080000000000002,-2.528,Route10G_trip152029020_06:45:00,9,Euro4,Gasoline,Gillig_103,Passenger,0.59618527
06:46:24,24384000,2.5560000000000005,-4.585,Route10G_trip152029020_06:45:00,9,Euro4,Gasoline,Gillig_103,Passenger,0.59618527
06:46:25,24385000,1.2240000000000002,-0.375,Route10G_trip152029020_06:45:00,9,Euro4,Gasoline,Gillig_103,Passenger,0.76321733
06:46:26,24386000,0.36000000000000004,-0.24,Route10G_trip152029020_06:45:00,9,Euro4,Gasoline,Gillig_103,Passenger,0.7910948
06:46:27,24387000,0.10800000000000001,-0.065,Route10G_trip152029020_06:45:00,9,Euro4,Gasoline,Gillig_103,Passenger,0.82491064
06:46:28,24388000,0.0,-0.03,Route10G_trip152029020_06:45:00,9,Euro4,Gasoline,Gillig_103,Passenger,0.8318279
06:46:29,24389000,0.0,0.0,Route10G_trip152029020_06:45:00,9,Euro4,Gasoline,Gillig_103,Passenger,0.8375094
06:46:30,24390000,0.0,0.0,Route10G_trip152029020_06:45:00,9,Euro4,Gasoline,Gillig_103,Passenger,0.8375094
06:46:31,24391000,0.0,0.0,Route10G_trip152029020_06:45:00,9,Euro4,Gasoline,Gillig_103,Passenger,0.8375094
06:46:32,24392000,0.0,0.0,Route10G_trip152029020_06:45:00,9,Euro4,Gasoline,Gillig_103,Passenger,0.8375094
06:46:33,24393000,0.0,0.0,Route10G_trip152029020_06:45:00,9,Euro4,Gasoline,Gillig_103,Passenger,0.8375094
06:46:34,24394000,0.0,0.0,Route10G_trip152029020_06:45:00,9,Euro4,Gasoline,Gillig_103,Passenger,0.8375094
06:46:35,24395000,0.0,0.0,Route10G_trip152029020_06:45:00,9,Euro4,Gasoline,Gillig_103,Passenger,0.8375094
06:46:36,24396000,0.0,0.0,Route10G_trip152029020_06:45:00,9,Euro4,Gasoline,Gillig_103,Passenger,0.8375094
06:46:37,24397000,0.0,0.0,Route10G_trip152029020_06:45:00,9,Euro4,Gasoline,Gillig_103,Passenger,0.8375094
06:46:38,24398000,0.0,0.0,Route10G_trip152029020_06:45:00,9,Euro4,Gasoline,Gillig_103,Passenger,0.8375094
06:46:39,24399000,0.0,0.0,Route10G_trip152029020_06:45:00,9,Euro4,Gasoline,Gillig_103,Passenger,0.8375094
06:46:40,24400000,0.0,0.0,Route10G_trip152029020_06:45:00,9,Euro4,Gasoline,Gillig_103,Passenger,0.8375094
06:46:41,24401000,0.0,0.0,Route10G_trip152029020_06:45:00,9,Euro4,Gasoline,Gillig_103,Passenger,0.8375094
06:46:42,24402000,0.0,0.0,Route10G_trip152029020_06:45:00,9,Euro4,Gasoline,Gillig_103,Passenger,0.8375094
06:46:43,24403000,0.0,0.0,Route10G_trip152029020_06:45:00,9,Euro4,Gasoline,Gillig_103,Passenger,0.8375094
06:46:44,24404000,0.0,0.0,Route10G_trip152029020_06:45:00,9,Euro4,Gasoline,Gillig_103,Passenger,0.8375094
06:46:45,24405000,0.0,0.0,Route10G_trip152029020_06:45:00,9,Euro4,Gasoline,Gillig_103,Passenger,0.8375094
06:46:46,24406000,0.0,0.0,Route10G_trip152029020_06:45:00,9,Euro4,Gasoline,Gillig_103,Passenger,0.8375094
06:46:47,24407000,0.0,0.0,Route10G_trip152029020_06:45:00,9,Euro4,Gasoline,Gillig_103,Passenger,0.8375094
06:46:48,24408000,0.0,0.0,Route10G_trip152029020_06:45:00,9,Euro4,Gasoline,Gillig_103,Passenger,0.8375094
06:46:49,24409000,0.0,0.0,Route10G_trip152029020_06:45:00,9,Euro4,Gasoline,Gillig_103,Passenger,0.8375094
06:46:50,24410000,0.0,0.0,Route10G_trip152029020_06:45:00,9,Euro4,Gasoline,Gillig_103,Passenger,0.8375094
06:46:51,24411000,0.0,0.0,Route10G_trip152029020_06:45:00,9,Euro4,Gasoline,Gillig_103,Passenger,0.8375094
06:46:52,24412000,0.0,0.0,Route10G_trip152029020_06:45:00,9,Euro4,Gasoline,Gillig_103,Passenger,0.8375094
06:46:53,24413000,0.0,0.0,Route10G_trip152029020_06:45:00,9,Euro4,Gasoline,Gillig_103,Passenger,0.8375094
06:46:54,24414000,0.0,0.0,Route10G_trip152029020_06:45:00,9,Euro4,Gasoline,Gillig_103,Passenger,0.8375094
06:46:55,24415000,0.0,0.0,Route10G_trip152029020_06:45:00,9,Euro4,Gasoline,Gillig_103,Passenger,0.8375094
06:46:56,24416000,0.0,0.0,Route10G_trip152029020_06:45:00,9,Euro4,Gasoline,Gillig_103,Passenger,0.8375094
06:46:57,24417000,0.07200000000000001,0.016,Route10G_trip152029020_06:45:00,9,Euro4,Gasoline,Gillig_103,Passenger,0.84034693
06:46:58,24418000,4.284000000000001,1.179,Route10G_trip152029020_06:45:00,9,Euro4,Gasoline,Gillig_103,Passenger,7.2798095
06:46:59,24419000,8.424000000000001,1.1500000000000001,Route10G_trip152029020_06:45:00,9,Euro4,Gasoline,Gillig_103,Passenger,7.611874
06:47:00,24420000,11.016000000000002,0.715,Route10G_trip152029020_06:45:00,9,Euro4,Gasoline,Gillig_103,Passenger,3.9715834
06:47:01,24421000,13.788000000000002,0.766,Route10G_trip152029020_06:45:00,9,Euro4,Gasoline,Gillig_103,Passenger,4.569211
06:47:02,24422000,16.092000000000002,0.644,Route10G_trip152029020_06:45:00,9,Euro4,Gasoline,Gillig_103,Passenger,3.9826982
06:47:03,24423000,20.340000000000003,1.185,Route10G_trip152029020_06:45:00,9,Euro4,Gasoline,Gillig_103,Passenger,9.755297
06:47:04,24424000,23.112000000000002,0.769,Route10G_trip152029020_06:45:00,9,Euro4,Gasoline,Gillig_103,Passenger,6.0019155
06:47:05,24425000,26.892000000000003,1.048,Route10G_trip152029020_06:45:00,9,Euro4,Gasoline,Gillig_103,Passenger,9.367511
06:47:06,24426000,29.340000000000003,0.676,Route10G_trip152029020_06:45:00,9,Euro4,Gasoline,Gillig_103,Passenger,6.0064864
06:47:07,24427000,28.620000000000005,-0.2,Route10G_trip152029020_06:45:00,9,Euro4,Gasoline,Gillig_103,Passenger,1.2296029
06:47:08,24428000,28.188000000000002,-0.113,Route10G_trip152029020_06:45:00,9,Euro4,Gasoline,Gillig_103,Passenger,1.3572485
06:47:09,24429000,28.008000000000003,-0.055,Route10G_trip152029020_06:45:00,9,Euro4,Gasoline,Gillig_103,Passenger,1.4808105
06:47:10,24430000,29.592000000000002,0.44,Route10G_trip152029020_06:45:00,9,Euro4,Gasoline,Gillig_103,Passenger,3.914932
06:47:11,24431000,27.864000000000004,-0.47800000000000004,Route10G_trip152029020_06:45:00,9,Euro4,Gasoline,Gillig_103,Passenger,0.7549962
06:47:12,24432000,28.836000000000002,0.27,Route10G_trip152029020_06:45:00,9,Euro4,Gasoline,Gillig_103,Passenger,2.8546307
06:47:13,24433000,29.700000000000003,0.243,Route10G_trip152029020_06:45:00,9,Euro4,Gasoline,Gillig_103,Passenger,2.7713082
06:47:14,24434000,28.296000000000003,-0.393,Route10G_trip152029020_06:45:00,9,Euro4,Gasoline,Gillig_103,Passenger,0.9063829
06:47:15,24435000,28.728000000000005,0.116,Route10G_trip152029020_06:45:00,9,Euro4,Gasoline,Gillig_103,Passenger,2.0762596
06:47:16,24436000,28.692000000000004,-0.009000000000000001,Route10G_trip152029020_06:45:00,9,Euro4,Gasoline,Gillig_103,Passenger,1.6653024
06:47:17,24437000,28.872000000000003,0.05,Route10G_trip152029020_06:45:00,9,Euro4,Gasoline,Gillig_103,Passenger,1.867357
06:47:18,24438000,11.592,-4.799,Route10G_trip152029020_06:45:00,9,Euro4,Gasoline,Gillig_103,Passenger,0.59618527
06:47:19,24439000,0.036000000000000004,-3.203,Route10G_trip152029020_06:45:00,9,Euro4,Gasoline,Gillig_103,Passenger,0.59618527
06:47:20,24440000,0.0,-0.011,Route10G_trip152029020_06:45:00,9,Euro4,Gasoline,Gillig_103,Passenger,0.8354261
06:47:21,24441000,0.0,0.0,Route10G_trip152029020_06:45:00,9,Euro4,Gasoline,Gillig_103,Passenger,0.8375094
06:47:22,24442000,0.0,0.0,Route10G_trip152029020_06:45:00,9,Euro4,Gasoline,Gillig_103,Passenger,0.8375094
06:47:23,24443000,0.0,0.0,Route10G_trip152029020_06:45:00,9,Euro4,Gasoline,Gillig_103,Passenger,0.8375094
06:47:24,24444000,0.0,0.0,Route10G_trip152029020_06:45:00,9,Euro4,Gasoline,Gillig_103,Passenger,0.8375094
06:47:25,24445000,0.0,0.0,Route10G_trip152029020_06:45:00,9,Euro4,Gasoline,Gillig_103,Passenger,0.8375094
06:47:26,24446000,0.0,0.0,Route10G_trip152029020_06:45:00,9,Euro4,Gasoline,Gillig_103,Passenger,0.8375094
06:47:27,24447000,0.0,0.0,Route10G_trip152029020_06:45:00,9,Euro4,Gasoline,Gillig_103,Passenger,0.8375094
06:47:28,24448000,0.0,0.0,Route10G_trip152029020_06:45:00,9,Euro4,Gasoline,Gillig_103,Passenger,0.8375094
06:47:29,24449000,0.0,0.0,Route10G_trip152029020_06:45:00,9,Euro4,Gasoline,Gillig_103,Passenger,0.8375094
06:47:30,24450000,0.0,0.0,Route10G_trip152029020_06:45:00,9,Euro4,Gasoline,Gillig_103,Passenger,0.8375094
06:47:31,24451000,0.0,0.0,Route10G_trip152029020_06:45:00,9,Euro4,Gasoline,Gillig_103,Passenger,0.8375094
06:47:32,24452000,0.0,0.0,Route10G_trip152029020_06:45:00,9,Euro4,Gasoline,Gillig_103,Passenger,0.8375094
06:47:33,24453000,0.0,0.0,Route10G_trip152029020_06:45:00,9,Euro4,Gasoline,Gillig_103,Passenger,0.8375094
06:47:34,24454000,0.0,0.0,Route10G_trip152029020_06:45:00,9,Euro4,Gasoline,Gillig_103,Passenger,0.8375094
06:47:35,24455000,0.0,0.0,Route10G_trip152029020_06:45:00,9,Euro4,Gasoline,Gillig_103,Passenger,0.8375094
06:47:36,24456000,0.0,0.0,Route10G_trip152029020_06:45:00,9,Euro4,Gasoline,Gillig_103,Passenger,0.8375094
06:47:37,24457000,0.0,0.0,Route10G_trip152029020_06:45:00,9,Euro4,Gasoline,Gillig_103,Passenger,0.8375094
06:47:38,24458000,0.0,0.0,Route10G_trip152029020_06:45:00,9,Euro4,Gasoline,Gillig_103,Passenger,0.8375094
06:47:39,24459000,0.0,0.0,Route10G_trip152029020_06:45:00,9,Euro4,Gasoline,Gillig_103,Passenger,0.8375094
06:47:40,24460000,0.0,0.0,Route10G_trip152029020_06:45:00,9,Euro4,Gasoline,Gillig_103,Passenger,0.8375094
06:47:41,24461000,0.0,0.0,Route10G_trip152029020_06:45:00,9,Euro4,Gasoline,Gillig_103,Passenger,0.8375094
06:47:42,24462000,0.0,0.0,Route10G_trip152029020_06:45:00,9,Euro4,Gasoline,Gillig_103,Passenger,0.8375094
06:47:43,24463000,0.0,0.0,Route10G_trip152029020_06:45:00,9,Euro4,Gasoline,Gillig_103,Passenger,0.8375094
06:47:44,24464000,0.0,0.0,Route10G_trip152029020_06:45:00,9,Euro4,Gasoline,Gillig_103,Passenger,0.8375094
06:47:45,24465000,0.0,0.0,Route10G_trip152029020_06:45:00,9,Euro4,Gasoline,Gillig_103,Passenger,0.8375094
06:47:46,24466000,0.0,0.0,Route10G_trip152029020_06:45:00,9,Euro4,Gasoline,Gillig_103,Passenger,0.8375094
06:47:47,24467000,0.0,0.0,Route10G_trip152029020_06:45:00,9,Euro4,Gasoline,Gillig_103,Passenger,0.8375094
06:47:48,24468000,0.0,0.0,Route10G_trip152029020_06:45:00,9,Euro4,Gasoline,Gillig_103,Passenger,0.8375094
06:47:49,24469000,0.0,0.003,Route10G_trip152029020_06:45:00,9,Euro4,Gasoline,Gillig_103,Passenger,0.83807755
06:47:50,24470000,3.2760000000000002,0.908,Route10G_trip152029020_06:45:00,9,Euro4,Gasoline,Gillig_103,Passenger,4.4982824
06:47:51,24471000,5.832000000000001,0.709,Route10G_trip152029020_06:45:00,9,Euro4,Gasoline,Gillig_103,Passenger,3.4883716
06:47:52,24472000,8.892000000000001,0.854,Route10G_trip152029020_06:45:00,9,Euro4,Gasoline,Gillig_103,Passenger,4.7148914
06:47:53,24473000,13.068000000000001,1.153,Route10G_trip152029020_06:45:00,9,Euro4,Gasoline,Gillig_103,Passenger,8.340556
06:47:54,24474000,15.696000000000002,0.735,Route10G_trip152029020_06:45:00,9,Euro4,Gasoline,Gillig_103,Passenger,4.545462
06:47:55,24475000,19.296000000000003,0.995,Route10G_trip152029020_06:45:00,9,Euro4,Gasoline,Gillig_103,Passenger,7.693506
06:47:56,24476000,22.752000000000002,0.965,Route10G_trip152029020_06:45:00,9,Euro4,Gasoline,Gillig_103,Passenger,7.9126506
06:47:57,24477000,27.000000000000004,1.174,Route10G_trip152029020_06:45:00,9,Euro4,Gasoline,Gillig_103,Passenger,10.646901
06:47:58,24478000,27.684000000000005,0.194,Route10G_trip152029020_06:45:00,9,Euro4,Gasoline,Gillig_103,Passenger,2.3315542
06:47:59,24479000,28.620000000000005,0.255,Route10G_trip152029020_06:45:00,9,Euro4,Gasoline,Gillig_103,Passenger,2.7523072
06:48:00,24480000,28.656000000000002,0.017,Route10G_trip152029020_06:45:00,9,Euro4,Gasoline,Gillig_103,Passenger,1.7486252
06:48:01,24481000,29.448000000000004,0.218,Route10G_trip152029020_06:45:00,9,Euro4,Gasoline,Gillig_103,Passenger,2.6094637
06:48:02,24482000,28.908000000000005,-0.147,Route10G_trip152029020_06:45:00,9,Euro4,Gasoline,Gillig_103,Passenger,1.324579
06:48:03,24483000,27.972000000000005,-0.262,Route10G_trip152029020_06:45:00,9,Euro4,Gasoline,Gillig_103,Passenger,1.1087822
06:48:04,24484000,28.908000000000005,0.266,Route10G_trip152029020_06:45:00,9,Euro4,Gasoline,Gillig_103,Passenger,2.8377783
06:48:05,24485000,27.828000000000003,-0.306,Route10G_trip152029020_06:45:00,9,Euro4,Gasoline,Gillig_103,Passenger,1.0329041
06:48:06,24486000,28.872000000000003,0.291,Route10G_trip152029020_06:45:00,9,Euro4,Gasoline,Gillig_103,Passenger,2.9764364
06:48:07,24487000,28.980000000000004,0.029,Route10G_trip152029020_06:45:00,9,Euro4,Gasoline,Gillig_103,Passenger,1.8039712
06:48:08,24488000,29.268000000000004,0.081,Route10G_trip152029020_06:45:00,9,Euro4,Gasoline,Gillig_103,Passenger,1.9884676
06:48:09,24489000,20.448000000000004,-2.443,Route10G_trip152029020_06:45:00,9,Euro4,Gasoline,Gillig_103,Passenger,0.59618527
06:48:10,24490000,22.644000000000002,0.605,Route10G_trip152029020_06:45:00,9,Euro4,Gasoline,Gillig_103,Passenger,4.3348
06:48:11,24491000,25.632,0.8280000000000001,Route10G_trip152029020_06:45:00,9,Euro4,Gasoline,Gillig_103,Passenger,6.972477
06:48:12,24492000,28.908000000000005,0.91,Route10G_trip152029020_06:45:00,9,Euro4,Gasoline,Gillig_103,Passenger,8.287339
06:48:13,24493000,28.584000000000003,-0.089,Route10G_trip152029020_06:45:00,9,Euro4,Gasoline,Gillig_103,Passenger,1.4085517
06:48:14,24494000,28.620000000000005,0.014,Route10G_trip152029020_06:45:00,9,Euro4,Gasoline,Gillig_103,Passenger,1.7370199
06:48:15,24495000,28.332000000000004,-0.081,Route10G_trip152029020_06:45:00,9,Euro4,Gasoline,Gillig_103,Passenger,1.4136591
06:48:16,24496000,28.728000000000005,0.116,Route10G_trip152029020_06:45:00,9,Euro4,Gasoline,Gillig_103,Passenger,2.0762596
06:48:17,24497000,29.088000000000005,0.094,Route10G_trip152029020_06:45:00,9,Euro4,Gasoline,Gillig_103,Passenger,2.0220962
06:48:18,24498000,29.304000000000002,0.061,Route10G_trip152029020_06:45:00,9,Euro4,Gasoline,Gillig_103,Passenger,1.9247851
06:48:19,24499000,28.404000000000003,-0.248,Route10G_trip152029020_06:45:00,9,Euro4,Gasoline,Gillig_103,Passenger,1.144987
06:48:20,24500000,29.556000000000004,0.325,Route10G_trip152029020_06:45:00,9,Euro4,Gasoline,Gillig_103,Passenger,3.2240205
06:48:21,24501000,22.392000000000003,-1.995,Route10G_trip152029020_06:45:00,9,Euro4,Gasoline,Gillig_103,Passenger,0.59618527
06:48:22,24502000,24.948000000000004,0.714,Route10G_trip152029020_06:45:00,9,Euro4,Gasoline,Gillig_103,Passenger,5.7267365
06:48:23,24503000,29.088000000000005,1.149,Route10G_trip152029020_06:45:00,9,Euro4,Gasoline,Gillig_103,Passenger,10.71038
06:48:24,24504000,28.728000000000005,-0.10400000000000001,Route10G_trip152029020_06:45:00,9,Euro4,Gasoline,Gillig_103,Passenger,1.3887151
06:48:25,24505000,28.008000000000003,-0.194,Route10G_trip152029020_06:45:00,9,Euro4,Gasoline,Gillig_103,Passenger,1.2202218
06:48:26,24506000,27.792,-0.059000000000000004,Route10G_trip152029020_06:45:00,9,Euro4,Gasoline,Gillig_103,Passenger,1.4570066
06:48:27,24507000,19.980000000000004,-2.172,Route10G_trip152029020_06:45:00,9,Euro4,Gasoline,Gillig_103,Passenger,0.59618527
06:48:28,24508000,22.896000000000004,0.8130000000000001,Route10G_trip152029020_06:45:00,9,Euro4,Gasoline,Gillig_103,Passenger,6.4105206
06:48:29,24509000,25.236000000000004,0.648,Route10G_trip152029020_06:45:00,9,Euro4,Gasoline,Gillig_103,Passenger,5.1084137
06:48:30,24510000,28.944000000000003,1.03,Route10G_trip152029020_06:45:00,9,Euro4,Gasoline,Gillig_103,Passenger,9.495748
06:48:31,24511000,27.756000000000004,-0.333,Route10G_trip152029020_06:45:00,9,Euro4,Gasoline,Gillig_103,Passenger,0.9868537
06:48:32,24512000,28.944000000000003,0.33,Route10G_trip152029020_06:45:00,9,Euro4,Gasoline,Gillig_103,Passenger,3.2030613
06:48:33,24513000,27.972000000000005,-0.267,Route10G_trip152029020_06:45:00,9,Euro4,Gasoline,Gillig_103,Passenger,1.1006708
06:48:34,24514000,29.340000000000003,0.385,Route10G_trip152029020_06:45:00,9,Euro4,Gasoline,Gillig_103,Passenger,3.5463665
06:48:35,24515000,29.556000000000004,0.053,Route10G_trip152029020_06:45:00,9,Euro4,Gasoline,Gillig_103,Passenger,1.9110936
06:48:36,24516000,27.648000000000003,-0.52,Route10G_trip152029020_06:45:00,9,Euro4,Gasoline,Gillig_103,Passenger,0.680114
06:48:37,24517000,28.512000000000004,0.23900000000000002,Route10G_trip152029020_06:45:00,9,Euro4,Gasoline,Gillig_103,Passenger,2.6530163
06:48:38,24518000,29.052000000000003,0.15,Route10G_trip152029020_06:45:00,9,Euro4,Gasoline,Gillig_103,Passenger,2.2036202
06:48:39,24519000,28.224000000000004,-0.232,Route10G_trip152029020_06:45:00,9,Euro4,Gasoline,Gillig_103,Passenger,1.1653215
06:48:40,24520000,28.008000000000003,-0.061,Route10G_trip152029020_06:45:00,9,Euro4,Gasoline,Gillig_103,Passenger,1.4611702
06:48:41,24521000,29.376000000000005,0.385,Route10G_trip152029020_06:45:00,9,Euro4,Gasoline,Gillig_103,Passenger,3.5492647
06:48:42,24522000,27.828000000000003,-0.435,Route10G_trip152029020_06:45:00,9,Euro4,Gasoline,Gillig_103,Passenger,0.82362986
06:48:43,24523000,28.152000000000005,0.091,Route10G_trip152029020_06:45:00,9,Euro4,Gasoline,Gillig_103,Passenger,1.9658641
06:48:44,24524000,26.1,-0.5700000000000001,Route10G_trip152029020_06:45:00,9,Euro4,Gasoline,Gillig_103,Passenger,0.65975446
06:48:45,24525000,10.476,-4.3420000000000005,Route10G_trip152029020_06:45:00,9,Euro4,Gasoline,Gillig_103,Passenger,0.59618527
06:48:46,24526000,0.396,-2.7960000000000003,Route10G_trip152029020_06:45:00,9,Euro4,Gasoline,Gillig_103,Passenger,0.59618527
06:48:47,24527000,0.0,-0.10400000000000001,Route10G_trip152029020_06:45:00,9,Euro4,Gasoline,Gillig_103,Passenger,0.8178136
06:48:48,24528000,0.0,-0.002,Route10G_trip152029020_06:45:00,9,Euro4,Gasoline,Gillig_103,Passenger,0.8371306
06:48:49,24529000,0.0,0.0,Route10G_trip152029020_06:45:00,9,Euro4,Gasoline,Gillig_103,Passenger,0.8375094
06:48:50,24530000,0.0,0.0,Route10G_trip152029020_06:45:00,9,Euro4,Gasoline,Gillig_103,Passenger,0.8375094
06:48:51,24531000,0.0,0.0,Route10G_trip152029020_06:45:00,9,Euro4,Gasoline,Gillig_103,Passenger,0.8375094
06:48:52,24532000,0.0,0.0,Route10G_trip152029020_06:45:00,9,Euro4,Gasoline,Gillig_103,Passenger,0.8375094
06:48:53,24533000,0.0,0.0,Route10G_trip152029020_06:45:00,9,Euro4,Gasoline,Gillig_103,Passenger,0.8375094
06:48:54,24534000,0.0,0.0,Route10G_trip152029020_06:45:00,9,Euro4,Gasoline,Gillig_103,Passenger,0.8375094
06:48:55,24535000,0.0,0.0,Route10G_trip152029020_06:45:00,9,Euro4,Gasoline,Gillig_103,Passenger,0.8375094
06:48:56,24536000,0.0,0.0,Route10G_trip152029020_06:45:00,9,Euro4,Gasoline,Gillig_103,Passenger,0.8375094
06:48:57,24537000,0.0,0.0,Route10G_trip152029020_06:45:00,9,Euro4,Gasoline,Gillig_103,Passenger,0.8375094
06:48:58,24538000,0.0,0.0,Route10G_trip152029020_06:45:00,9,Euro4,Gasoline,Gillig_103,Passenger,0.8375094
06:48:59,24539000,0.0,0.0,Route10G_trip152029020_06:45:00,9,Euro4,Gasoline,Gillig_103,Passenger,0.8375094
06:49:00,24540000,0.0,0.0,Route10G_trip152029020_06:45:00,9,Euro4,Gasoline,Gillig_103,Passenger,0.8375094
06:49:01,24541000,0.0,0.0,Route10G_trip152029020_06:45:00,9,Euro4,Gasoline,Gillig_103,Passenger,0.8375094
06:49:02,24542000,0.0,0.0,Route10G_trip152029020_06:45:00,9,Euro4,Gasoline,Gillig_103,Passenger,0.8375094
06:49:03,24543000,0.0,0.0,Route10G_trip152029020_06:45:00,9,Euro4,Gasoline,Gillig_103,Passenger,0.8375094
06:49:04,24544000,0.0,0.0,Route10G_trip152029020_06:45:00,9,Euro4,Gasoline,Gillig_103,Passenger,0.8375094
06:49:05,24545000,0.0,0.0,Route10G_trip152029020_06:45:00,9,Euro4,Gasoline,Gillig_103,Passenger,0.8375094
06:49:06,24546000,0.0,0.0,Route10G_trip152029020_06:45:00,9,Euro4,Gasoline,Gillig_103,Passenger,0.8375094
06:49:07,24547000,0.0,0.0,Route10G_trip152029020_06:45:00,9,Euro4,Gasoline,Gillig_103,Passenger,0.8375094
06:49:08,24548000,0.0,0.0,Route10G_trip152029020_06:45:00,9,Euro4,Gasoline,Gillig_103,Passenger,0.8375094
06:49:09,24549000,0.0,0.0,Route10G_trip152029020_06:45:00,9,Euro4,Gasoline,Gillig_103,Passenger,0.8375094
06:49:10,24550000,0.0,0.0,Route10G_trip152029020_06:45:00,9,Euro4,Gasoline,Gillig_103,Passenger,0.8375094
06:49:11,24551000,0.0,0.0,Route10G_trip152029020_06:45:00,9,Euro4,Gasoline,Gillig_103,Passenger,0.8375094
06:49:12,24552000,0.0,0.0,Route10G_trip152029020_06:45:00,9,Euro4,Gasoline,Gillig_103,Passenger,0.8375094
06:49:13,24553000,0.0,0.0,Route10G_trip152029020_06:45:00,9,Euro4,Gasoline,Gillig_103,Passenger,0.8375094
06:49:14,24554000,0.0,0.0,Route10G_trip152029020_06:45:00,9,Euro4,Gasoline,Gillig_103,Passenger,0.8375094
06:49:15,24555000,0.0,0.0,Route10G_trip152029020_06:45:00,9,Euro4,Gasoline,Gillig_103,Passenger,0.8375094
06:49:16,24556000,0.0,0.0,Route10G_trip152029020_06:45:00,9,Euro4,Gasoline,Gillig_103,Passenger,0.8375094
06:49:17,24557000,0.0,0.0,Route10G_trip152029020_06:45:00,9,Euro4,Gasoline,Gillig_103,Passenger,0.8375094
06:49:18,24558000,2.736,0.758,Route10G_trip152029020_06:45:00,9,Euro4,Gasoline,Gillig_103,Passenger,3.5165715
06:49:19,24559000,5.796,0.848,Route10G_trip152029020_06:45:00,9,Euro4,Gasoline,Gillig_103,Passenger,4.3450017
06:49:20,24560000,9.432,1.0110000000000001,Route10G_trip152029020_06:45:00,9,Euro4,Gasoline,Gillig_103,Passenger,6.370043
06:49:21,24561000,12.708000000000002,0.911,Route10G_trip152029020_06:45:00,9,Euro4,Gasoline,Gillig_103,Passenger,5.860363
06:49:22,24562000,15.084000000000001,0.667,Route10G_trip152029020_06:45:00,9,Euro4,Gasoline,Gillig_103,Passenger,4.0375953
06:49:23,24563000,19.044,1.095,Route10G_trip152029020_06:45:00,9,Euro4,Gasoline,Gillig_103,Passenger,8.658092
06:49:24,24564000,23.076000000000004,1.124,Route10G_trip152029020_06:45:00,9,Euro4,Gasoline,Gillig_103,Passenger,9.555357
06:49:25,24565000,25.956000000000003,0.793,Route10G_trip152029020_06:45:00,9,Euro4,Gasoline,Gillig_103,Passenger,6.6703434
06:49:26,24566000,28.008000000000003,0.5730000000000001,Route10G_trip152029020_06:45:00,9,Euro4,Gasoline,Gillig_103,Passenger,4.77354
06:49:27,24567000,29.700000000000003,0.467,Route10G_trip152029020_06:45:00,9,Euro4,Gasoline,Gillig_103,Passenger,4.098083
06:49:28,24568000,27.684000000000005,-0.553,Route10G_trip152029020_06:45:00,9,Euro4,Gasoline,Gillig_103,Passenger,0.65873736
06:49:29,24569000,17.352,-2.87,Route10G_trip152029020_06:45:00,9,Euro4,Gasoline,Gillig_103,Passenger,0.59618527
06:49:30,24570000,19.728,0.656,Route10G_trip152029020_06:45:00,9,Euro4,Gasoline,Gillig_103,Passenger,4.3939366
06:49:31,24571000,22.536,0.787,Route10G_trip152029020_06:45:00,9,Euro4,Gasoline,Gillig_103,Passenger,6.0957155
06:49:32,24572000,25.668000000000003,0.865,Route10G_trip152029020_06:45:00,9,Euro4,Gasoline,Gillig_103,Passenger,7.348815
06:49:33,24573000,29.448000000000004,1.055,Route10G_trip152029020_06:45:00,9,Euro4,Gasoline,Gillig_103,Passenger,9.82219
06:49:34,24574000,28.836000000000002,-0.17400000000000002,Route10G_trip152029020_06:45:00,9,Euro4,Gasoline,Gillig_103,Passenger,1.2785287
06:49:35,24575000,28.872000000000003,0.018000000000000002,Route10G_trip152029020_06:45:00,9,Euro4,Gasoline,Gillig_103,Passenger,1.7626088
06:49:36,24576000,29.700000000000003,0.227,Route10G_trip152029020_06:45:00,9,Euro4,Gasoline,Gillig_103,Passenger,2.680712
06:49:37,24577000,28.800000000000004,-0.251,Route10G_trip152029020_06:45:00,9,Euro4,Gasoline,Gillig_103,Passenger,1.1524886
06:49:38,24578000,28.224000000000004,-0.161,Route10G_trip152029020_06:45:00,9,Euro4,Gasoline,Gillig_103,Passenger,1.2805035
06:49:39,24579000,18.432000000000002,-2.715,Route10G_trip152029020_06:45:00,9,Euro4,Gasoline,Gillig_103,Passenger,0.59618527
06:49:40,24580000,21.636000000000003,0.886,Route10G_trip152029020_06:45:00,9,Euro4,Gasoline,Gillig_103,Passenger,6.952797
06:49:41,24581000,24.372000000000003,0.767,Route10G_trip152029020_06:45:00,9,Euro4,Gasoline,Gillig_103,Passenger,6.17141
06:49:42,24582000,27.864000000000004,0.961,Route10G_trip152029020_06:45:00,9,Euro4,Gasoline,Gillig_103,Passenger,8.641561
06:49:43,24583000,28.764000000000003,0.259,Route10G_trip152029020_06:45:00,9,Euro4,Gasoline,Gillig_103,Passenger,2.7865493
06:49:44,24584000,27.612000000000002,-0.322,Route10G_trip152029020_06:45:00,9,Euro4,Gasoline,Gillig_103,Passenger,1.0002012
06:49:45,24585000,27.828000000000003,0.056,Route10G_trip152029020_06:45:00,9,Euro4,Gasoline,Gillig_103,Passenger,1.83523
06:49:46,24586000,29.016000000000002,0.333,Route10G_trip152029020_06:45:00,9,Euro4,Gasoline,Gillig_103,Passenger,3.2258446
06:49:47,24587000,16.776000000000003,-3.404,Route10G_trip152029020_06:45:00,9,Euro4,Gasoline,Gillig_103,Passenger,0.59618527
06:49:48,24588000,2.7720000000000002,-3.8810000000000002,Route10G_trip152029020_06:45:00,9,Euro4,Gasoline,Gillig_103,Passenger,0.59618527
06:49:49,24589000,0.43200000000000005,-0.652,Route10G_trip152029020_06:45:00,9,Euro4,Gasoline,Gillig_103,Passenger,0.71287674
06:49:50,24590000,0.0,-0.116,Route10G_trip152029020_06:45:00,9,Euro4,Gasoline,Gillig_103,Passenger,0.815541
06:49:51,24591000,0.0,-0.002,Route10G_trip152029020_06:45:00,9,Euro4,Gasoline,Gillig_103,Passenger,0.8371306
06:49:52,24592000,0.0,0.0,Route10G_trip152029020_06:45:00,9,Euro4,Gasoline,Gillig_103,Passenger,0.8375094
06:49:53,24593000,0.0,0.0,Route10G_trip152029020_06:45:00,9,Euro4,Gasoline,Gillig_103,Passenger,0.8375094
06:49:54,24594000,0.0,0.0,Route10G_trip152029020_06:45:00,9,Euro4,Gasoline,Gillig_103,Passenger,0.8375094
06:49:55,24595000,0.0,0.0,Route10G_trip152029020_06:45:00,9,Euro4,Gasoline,Gillig_103,Passenger,0.8375094
06:49:56,24596000,0.0,0.0,Route10G_trip152029020_06:45:00,9,Euro4,Gasoline,Gillig_103,Passenger,0.8375094
06:49:57,24597000,0.0,0.0,Route10G_trip152029020_06:45:00,9,Euro4,Gasoline,Gillig_103,Passenger,0.8375094
06:49:58,24598000,0.0,0.0,Route10G_trip152029020_06:45:00,9,Euro4,Gasoline,Gillig_103,Passenger,0.8375094
06:49:59,24599000,0.0,0.0,Route10G_trip152029020_06:45:00,9,Euro4,Gasoline,Gillig_103,Passenger,0.8375094
06:50:00,24600000,0.0,0.0,Route10G_trip152029020_06:45:00,9,Euro4,Gasoline,Gillig_103,Passenger,0.8375094
06:50:01,24601000,0.0,0.0,Route10G_trip152029020_06:45:00,9,Euro4,Gasoline,Gillig_103,Passenger,0.8375094
06:50:02,24602000,0.0,0.0,Route10G_trip152029020_06:45:00,9,Euro4,Gasoline,Gillig_103,Passenger,0.8375094
06:50:03,24603000,0.0,0.0,Route10G_trip152029020_06:45:00,9,Euro4,Gasoline,Gillig_103,Passenger,0.8375094
06:50:04,24604000,0.0,0.0,Route10G_trip152029020_06:45:00,9,Euro4,Gasoline,Gillig_103,Passenger,0.8375094
06:50:05,24605000,0.0,0.0,Route10G_trip152029020_06:45:00,9,Euro4,Gasoline,Gillig_103,Passenger,0.8375094
06:50:06,24606000,0.0,0.0,Route10G_trip152029020_06:45:00,9,Euro4,Gasoline,Gillig_103,Passenger,0.8375094
06:50:07,24607000,0.0,0.0,Route10G_trip152029020_06:45:00,9,Euro4,Gasoline,Gillig_103,Passenger,0.8375094
06:50:08,24608000,0.0,0.0,Route10G_trip152029020_06:45:00,9,Euro4,Gasoline,Gillig_103,Passenger,0.8375094
06:50:09,24609000,0.0,0.0,Route10G_trip152029020_06:45:00,9,Euro4,Gasoline,Gillig_103,Passenger,0.8375094
06:50:10,24610000,0.0,0.0,Route10G_trip152029020_06:45:00,9,Euro4,Gasoline,Gillig_103,Passenger,0.8375094
06:50:11,24611000,0.0,0.0,Route10G_trip152029020_06:45:00,9,Euro4,Gasoline,Gillig_103,Passenger,0.8375094
06:50:12,24612000,0.0,0.0,Route10G_trip152029020_06:45:00,9,Euro4,Gasoline,Gillig_103,Passenger,0.8375094
06:50:13,24613000,0.0,0.0,Route10G_trip152029020_06:45:00,9,Euro4,Gasoline,Gillig_103,Passenger,0.8375094
06:50:14,24614000,0.0,0.0,Route10G_trip152029020_06:45:00,9,Euro4,Gasoline,Gillig_103,Passenger,0.8375094
06:50:15,24615000,0.0,0.0,Route10G_trip152029020_06:45:00,9,Euro4,Gasoline,Gillig_103,Passenger,0.8375094
06:50:16,24616000,0.0,0.0,Route10G_trip152029020_06:45:00,9,Euro4,Gasoline,Gillig_103,Passenger,0.8375094
06:50:17,24617000,0.0,0.0,Route10G_trip152029020_06:45:00,9,Euro4,Gasoline,Gillig_103,Passenger,0.8375094
06:50:18,24618000,0.0,0.0,Route10G_trip152029020_06:45:00,9,Euro4,Gasoline,Gillig_103,Passenger,0.8375094
06:50:19,24619000,0.0,0.0,Route10G_trip152029020_06:45:00,9,Euro4,Gasoline,Gillig_103,Passenger,0.8375094
06:50:20,24620000,0.0,0.0,Route10G_trip152029020_06:45:00,9,Euro4,Gasoline,Gillig_103,Passenger,0.8375094
06:50:21,24621000,3.0600000000000005,0.852,Route10G_trip152029020_06:45:00,9,Euro4,Gasoline,Gillig_103,Passenger,4.1191497
06:50:22,24622000,6.0840000000000005,0.84,Route10G_trip152029020_06:45:00,9,Euro4,Gasoline,Gillig_103,Passenger,4.320152
06:50:23,24623000,10.116000000000001,1.119,Route10G_trip152029020_06:45:00,9,Euro4,Gasoline,Gillig_103,Passenger,7.5556316
06:50:24,24624000,14.292000000000002,1.163,Route10G_trip152029020_06:45:00,9,Euro4,Gasoline,Gillig_103,Passenger,8.624935
06:50:25,24625000,17.532000000000004,0.896,Route10G_trip152029020_06:45:00,9,Euro4,Gasoline,Gillig_103,Passenger,6.4356737
06:50:26,24626000,21.672000000000004,1.151,Route10G_trip152029020_06:45:00,9,Euro4,Gasoline,Gillig_103,Passenger,9.614825
06:50:27,24627000,24.624000000000002,0.8170000000000001,Route10G_trip152029020_06:45:00,9,Euro4,Gasoline,Gillig_103,Passenger,6.7105665
06:50:28,24628000,27.000000000000004,0.661,Route10G_trip152029020_06:45:00,9,Euro4,Gasoline,Gillig_103,Passenger,5.5041013
06:50:29,24629000,30.240000000000002,0.905,Route10G_trip152029020_06:45:00,9,Euro4,Gasoline,Gillig_103,Passenger,8.437589
06:50:30,24630000,34.416000000000004,1.1520000000000001,Route10G_trip152029020_06:45:00,9,Euro4,Gasoline,Gillig_103,Passenger,11.541957
06:50:31,24631000,38.556000000000004,1.151,Route10G_trip152029020_06:45:00,9,Euro4,Gasoline,Gillig_103,Passenger,12.154721
06:50:32,24632000,41.25600000000001,0.754,Route10G_trip152029020_06:45:00,9,Euro4,Gasoline,Gillig_103,Passenger,8.580982
06:50:33,24633000,44.028000000000006,0.771,Route10G_trip152029020_06:45:00,9,Euro4,Gasoline,Gillig_103,Passenger,9.168405
06:50:34,24634000,46.800000000000004,0.766,Route10G_trip152029020_06:45:00,9,Euro4,Gasoline,Gillig_103,Passenger,9.535277
06:50:35,24635000,49.17600000000001,0.665,Route10G_trip152029020_06:45:00,9,Euro4,Gasoline,Gillig_103,Passenger,8.880185
06:50:36,24636000,52.992000000000004,1.058,Route10G_trip152029020_06:45:00,9,Euro4,Gasoline,Gillig_103,Passenger,13.39404
06:50:37,24637000,56.232000000000006,0.898,Route10G_trip152029020_06:45:00,9,Euro4,Gasoline,Gillig_103,Passenger,12.277446
06:50:38,24638000,58.35600000000001,0.593,Route10G_trip152029020_06:45:00,9,Euro4,Gasoline,Gillig_103,Passenger,9.539354
06:50:39,24639000,58.75200000000001,0.108,Route10G_trip152029020_06:45:00,9,Euro4,Gasoline,Gillig_103,Passenger,4.7368236
06:50:40,24640000,43.12800000000001,-4.344,Route10G_trip152029020_06:45:00,9,Euro4,Gasoline,Gillig_103,Passenger,0.59618527
06:50:41,24641000,25.848000000000003,-4.799,Route10G_trip152029020_06:45:00,9,Euro4,Gasoline,Gillig_103,Passenger,0.59618527
06:50:42,24642000,9.324000000000002,-4.583,Route10G_trip152029020_06:45:00,9,Euro4,Gasoline,Gillig_103,Passenger,0.59618527
06:50:43,24643000,0.10800000000000001,-2.56,Route10G_trip152029020_06:45:00,9,Euro4,Gasoline,Gillig_103,Passenger,0.59618527
06:50:44,24644000,0.0,-0.029,Route10G_trip152029020_06:45:00,9,Euro4,Gasoline,Gillig_103,Passenger,0.8320173
06:50:45,24645000,0.0,0.0,Route10G_trip152029020_06:45:00,9,Euro4,Gasoline,Gillig_103,Passenger,0.8375094
06:50:46,24646000,0.0,0.0,Route10G_trip152029020_06:45:00,9,Euro4,Gasoline,Gillig_103,Passenger,0.8375094
06:50:47,24647000,0.0,0.0,Route10G_trip152029020_06:45:00,9,Euro4,Gasoline,Gillig_103,Passenger,0.8375094
06:50:48,24648000,0.0,0.0,Route10G_trip152029020_06:45:00,9,Euro4,Gasoline,Gillig_103,Passenger,0.8375094
06:50:49,24649000,0.0,0.0,Route10G_trip152029020_06:45:00,9,Euro4,Gasoline,Gillig_103,Passenger,0.8375094
06:50:50,24650000,0.0,0.0,Route10G_trip152029020_06:45:00,9,Euro4,Gasoline,Gillig_103,Passenger,0.8375094
06:50:51,24651000,0.0,0.0,Route10G_trip152029020_06:45:00,9,Euro4,Gasoline,Gillig_103,Passenger,0.8375094
06:50:52,24652000,0.0,0.0,Route10G_trip152029020_06:45:00,9,Euro4,Gasoline,Gillig_103,Passenger,0.8375094
06:50:53,24653000,0.0,0.0,Route10G_trip152029020_06:45:00,9,Euro4,Gasoline,Gillig_103,Passenger,0.8375094
06:50:54,24654000,0.0,0.0,Route10G_trip152029020_06:45:00,9,Euro4,Gasoline,Gillig_103,Passenger,0.8375094
06:50:55,24655000,0.0,0.0,Route10G_trip152029020_06:45:00,9,Euro4,Gasoline,Gillig_103,Passenger,0.8375094
06:50:56,24656000,0.0,0.0,Route10G_trip152029020_06:45:00,9,Euro4,Gasoline,Gillig_103,Passenger,0.8375094
06:50:57,24657000,0.0,0.0,Route10G_trip152029020_06:45:00,9,Euro4,Gasoline,Gillig_103,Passenger,0.8375094
06:50:58,24658000,0.0,0.0,Route10G_trip152029020_06:45:00,9,Euro4,Gasoline,Gillig_103,Passenger,0.8375094
06:50:59,24659000,0.0,0.0,Route10G_trip152029020_06:45:00,9,Euro4,Gasoline,Gillig_103,Passenger,0.8375094
06:51:00,24660000,0.0,0.0,Route10G_trip152029020_06:45:00,9,Euro4,Gasoline,Gillig_103,Passenger,0.8375094
06:51:01,24661000,0.0,0.0,Route10G_trip152029020_06:45:00,9,Euro4,Gasoline,Gillig_103,Passenger,0.8375094
06:51:02,24662000,0.0,0.0,Route10G_trip152029020_06:45:00,9,Euro4,Gasoline,Gillig_103,Passenger,0.8375094
06:51:03,24663000,0.0,0.0,Route10G_trip152029020_06:45:00,9,Euro4,Gasoline,Gillig_103,Passenger,0.8375094
06:51:04,24664000,0.0,0.0,Route10G_trip152029020_06:45:00,9,Euro4,Gasoline,Gillig_103,Passenger,0.8375094
06:51:05,24665000,0.0,0.0,Route10G_trip152029020_06:45:00,9,Euro4,Gasoline,Gillig_103,Passenger,0.8375094
06:51:06,24666000,0.0,0.0,Route10G_trip152029020_06:45:00,9,Euro4,Gasoline,Gillig_103,Passenger,0.8375094
06:51:07,24667000,0.0,0.0,Route10G_trip152029020_06:45:00,9,Euro4,Gasoline,Gillig_103,Passenger,0.8375094
06:51:08,24668000,0.0,0.0,Route10G_trip152029020_06:45:00,9,Euro4,Gasoline,Gillig_103,Passenger,0.8375094
06:51:09,24669000,0.0,0.0,Route10G_trip152029020_06:45:00,9,Euro4,Gasoline,Gillig_103,Passenger,0.8375094
06:51:10,24670000,0.0,0.0,Route10G_trip152029020_06:45:00,9,Euro4,Gasoline,Gillig_103,Passenger,0.8375094
06:51:11,24671000,0.0,0.0,Route10G_trip152029020_06:45:00,9,Euro4,Gasoline,Gillig_103,Passenger,0.8375094
06:51:12,24672000,0.0,0.0,Route10G_trip152029020_06:45:00,9,Euro4,Gasoline,Gillig_103,Passenger,0.8375094
06:51:13,24673000,0.036000000000000004,0.006,Route10G_trip152029020_06:45:00,9,Euro4,Gasoline,Gillig_103,Passenger,0.8385494
06:51:14,24674000,3.0240000000000005,0.834,Route10G_trip152029020_06:45:00,9,Euro4,Gasoline,Gillig_103,Passenger,4.0003586
06:51:15,24675000,7.056000000000001,1.117,Route10G_trip152029020_06:45:00,9,Euro4,Gasoline,Gillig_103,Passenger,7.07526
06:51:16,24676000,10.692000000000002,1.014,Route10G_trip152029020_06:45:00,9,Euro4,Gasoline,Gillig_103,Passenger,6.589662
06:51:17,24677000,12.888000000000002,0.61,Route10G_trip152029020_06:45:00,9,Euro4,Gasoline,Gillig_103,Passenger,3.4958677
06:51:18,24678000,15.696000000000002,0.784,Route10G_trip152029020_06:45:00,9,Euro4,Gasoline,Gillig_103,Passenger,5.0366845
06:51:19,24679000,18.828000000000003,0.87,Route10G_trip152029020_06:45:00,9,Euro4,Gasoline,Gillig_103,Passenger,6.369984
06:51:20,24680000,22.860000000000003,1.119,Route10G_trip152029020_06:45:00,9,Euro4,Gasoline,Gillig_103,Passenger,9.472739
06:51:21,24681000,26.136000000000003,0.905,Route10G_trip152029020_06:45:00,9,Euro4,Gasoline,Gillig_103,Passenger,7.820215
06:51:22,24682000,30.204000000000004,1.129,Route10G_trip152029020_06:45:00,9,Euro4,Gasoline,Gillig_103,Passenger,10.677762
06:51:23,24683000,34.02,1.061,Route10G_trip152029020_06:45:00,9,Euro4,Gasoline,Gillig_103,Passenger,10.570115
06:51:24,24684000,37.908,1.078,Route10G_trip152029020_06:45:00,9,Euro4,Gasoline,Gillig_103,Passenger,11.325418
06:51:25,24685000,42.01200000000001,1.1380000000000001,Route10G_trip152029020_06:45:00,9,Euro4,Gasoline,Gillig_103,Passenger,12.544291
06:51:26,24686000,45.108000000000004,0.861,Route10G_trip152029020_06:45:00,9,Euro4,Gasoline,Gillig_103,Passenger,10.233117
06:51:27,24687000,48.348000000000006,0.898,Route10G_trip152029020_06:45:00,9,Euro4,Gasoline,Gillig_103,Passenger,11.091439
06:51:28,24688000,51.300000000000004,0.8200000000000001,Route10G_trip152029020_06:45:00,9,Euro4,Gasoline,Gillig_103,Passenger,10.753569
06:51:29,24689000,39.20400000000001,-3.358,Route10G_trip152029020_06:45:00,9,Euro4,Gasoline,Gillig_103,Passenger,0.59618527
06:51:30,24690000,22.104000000000003,-4.743,Route10G_trip152029020_06:45:00,9,Euro4,Gasoline,Gillig_103,Passenger,0.59618527
06:51:31,24691000,6.192000000000001,-4.42,Route10G_trip152029020_06:45:00,9,Euro4,Gasoline,Gillig_103,Passenger,0.59618527
06:51:32,24692000,1.2240000000000002,-1.383,Route10G_trip152029020_06:45:00,9,Euro4,Gasoline,Gillig_103,Passenger,0.59618527
06:51:33,24693000,0.10800000000000001,-0.301,Route10G_trip152029020_06:45:00,9,Euro4,Gasoline,Gillig_103,Passenger,0.78021646
06:51:34,24694000,0.0,-0.034,Route10G_trip152029020_06:45:00,9,Euro4,Gasoline,Gillig_103,Passenger,0.8310704
06:51:35,24695000,0.0,0.0,Route10G_trip152029020_06:45:00,9,Euro4,Gasoline,Gillig_103,Passenger,0.8375094
06:51:36,24696000,0.0,0.0,Route10G_trip152029020_06:45:00,9,Euro4,Gasoline,Gillig_103,Passenger,0.8375094
06:51:37,24697000,0.0,0.0,Route10G_trip152029020_06:45:00,9,Euro4,Gasoline,Gillig_103,Passenger,0.8375094
06:51:38,24698000,0.0,0.0,Route10G_trip152029020_06:45:00,9,Euro4,Gasoline,Gillig_103,Passenger,0.8375094
06:51:39,24699000,0.0,0.0,Route10G_trip152029020_06:45:00,9,Euro4,Gasoline,Gillig_103,Passenger,0.8375094
06:51:40,24700000,0.0,0.0,Route10G_trip152029020_06:45:00,9,Euro4,Gasoline,Gillig_103,Passenger,0.8375094
06:51:41,24701000,0.0,0.0,Route10G_trip152029020_06:45:00,9,Euro4,Gasoline,Gillig_103,Passenger,0.8375094
06:51:42,24702000,0.0,0.0,Route10G_trip152029020_06:45:00,9,Euro4,Gasoline,Gillig_103,Passenger,0.8375094
06:51:43,24703000,0.0,0.0,Route10G_trip152029020_06:45:00,9,Euro4,Gasoline,Gillig_103,Passenger,0.8375094
06:51:44,24704000,0.0,0.0,Route10G_trip152029020_06:45:00,9,Euro4,Gasoline,Gillig_103,Passenger,0.8375094
06:51:45,24705000,0.0,0.0,Route10G_trip152029020_06:45:00,9,Euro4,Gasoline,Gillig_103,Passenger,0.8375094
06:51:46,24706000,0.0,0.0,Route10G_trip152029020_06:45:00,9,Euro4,Gasoline,Gillig_103,Passenger,0.8375094
06:51:47,24707000,0.0,0.0,Route10G_trip152029020_06:45:00,9,Euro4,Gasoline,Gillig_103,Passenger,0.8375094
06:51:48,24708000,0.0,0.0,Route10G_trip152029020_06:45:00,9,Euro4,Gasoline,Gillig_103,Passenger,0.8375094
06:51:49,24709000,0.0,0.0,Route10G_trip152029020_06:45:00,9,Euro4,Gasoline,Gillig_103,Passenger,0.8375094
06:51:50,24710000,0.0,0.0,Route10G_trip152029020_06:45:00,9,Euro4,Gasoline,Gillig_103,Passenger,0.8375094
06:51:51,24711000,0.0,0.0,Route10G_trip152029020_06:45:00,9,Euro4,Gasoline,Gillig_103,Passenger,0.8375094
06:51:52,24712000,0.0,0.0,Route10G_trip152029020_06:45:00,9,Euro4,Gasoline,Gillig_103,Passenger,0.8375094
06:51:53,24713000,0.0,0.0,Route10G_trip152029020_06:45:00,9,Euro4,Gasoline,Gillig_103,Passenger,0.8375094
06:51:54,24714000,0.0,0.0,Route10G_trip152029020_06:45:00,9,Euro4,Gasoline,Gillig_103,Passenger,0.8375094
06:51:55,24715000,0.0,0.0,Route10G_trip152029020_06:45:00,9,Euro4,Gasoline,Gillig_103,Passenger,0.8375094
06:51:56,24716000,0.0,0.0,Route10G_trip152029020_06:45:00,9,Euro4,Gasoline,Gillig_103,Passenger,0.8375094
06:51:57,24717000,0.0,0.0,Route10G_trip152029020_06:45:00,9,Euro4,Gasoline,Gillig_103,Passenger,0.8375094
06:51:58,24718000,0.0,0.0,Route10G_trip152029020_06:45:00,9,Euro4,Gasoline,Gillig_103,Passenger,0.8375094
06:51:59,24719000,0.0,0.0,Route10G_trip152029020_06:45:00,9,Euro4,Gasoline,Gillig_103,Passenger,0.8375094
06:52:00,24720000,0.0,0.0,Route10G_trip152029020_06:45:00,9,Euro4,Gasoline,Gillig_103,Passenger,0.8375094
06:52:01,24721000,0.0,0.0,Route10G_trip152029020_06:45:00,9,Euro4,Gasoline,Gillig_103,Passenger,0.8375094
06:52:02,24722000,0.0,0.0,Route10G_trip152029020_06:45:00,9,Euro4,Gasoline,Gillig_103,Passenger,0.8375094
06:52:03,24723000,0.0,0.001,Route10G_trip152029020_06:45:00,9,Euro4,Gasoline,Gillig_103,Passenger,0.83769876
06:52:04,24724000,3.4920000000000004,0.969,Route10G_trip152029020_06:45:00,9,Euro4,Gasoline,Gillig_103,Passenger,5.055427
06:52:05,24725000,7.308000000000001,1.064,Route10G_trip152029020_06:45:00,9,Euro4,Gasoline,Gillig_103,Passenger,6.5818467
06:52:06,24726000,10.188,0.796,Route10G_trip152029020_06:45:00,9,Euro4,Gasoline,Gillig_103,Passenger,4.415135
06:52:07,24727000,13.356000000000002,0.881,Route10G_trip152029020_06:45:00,9,Euro4,Gasoline,Gillig_103,Passenger,5.6570935
06:52:08,24728000,16.236,0.798,Route10G_trip152029020_06:45:00,9,Euro4,Gasoline,Gillig_103,Passenger,5.2582674
06:52:09,24729000,20.196,1.097,Route10G_trip152029020_06:45:00,9,Euro4,Gasoline,Gillig_103,Passenger,8.8514385
06:52:10,24730000,23.472,0.914,Route10G_trip152029020_06:45:00,9,Euro4,Gasoline,Gillig_103,Passenger,7.509689
06:52:11,24731000,26.676000000000002,0.885,Route10G_trip152029020_06:45:00,9,Euro4,Gasoline,Gillig_103,Passenger,7.7009506
06:52:12,24732000,30.816000000000003,1.155,Route10G_trip152029020_06:45:00,9,Euro4,Gasoline,Gillig_103,Passenger,11.030476
06:52:13,24733000,34.48800000000001,1.014,Route10G_trip152029020_06:45:00,9,Euro4,Gasoline,Gillig_103,Passenger,10.169346
06:52:14,24734000,37.33200000000001,0.795,Route10G_trip152029020_06:45:00,9,Euro4,Gasoline,Gillig_103,Passenger,8.40171
06:52:15,24735000,40.788000000000004,0.9590000000000001,Route10G_trip152029020_06:45:00,9,Euro4,Gasoline,Gillig_103,Passenger,10.565694
06:52:16,24736000,44.82000000000001,1.116,Route10G_trip152029020_06:45:00,9,Euro4,Gasoline,Gillig_103,Passenger,12.746156
06:52:17,24737000,47.304,0.6960000000000001,Route10G_trip152029020_06:45:00,9,Euro4,Gasoline,Gillig_103,Passenger,8.909348
06:52:18,24738000,49.53600000000001,0.618,Route10G_trip152029020_06:45:00,9,Euro4,Gasoline,Gillig_103,Passenger,8.463167
06:52:19,24739000,52.236000000000004,0.756,Route10G_trip152029020_06:45:00,9,Euro4,Gasoline,Gillig_103,Passenger,10.252776
06:52:20,24740000,55.00800000000001,0.767,Route10G_trip152029020_06:45:00,9,Euro4,Gasoline,Gillig_103,Passenger,10.780048
06:52:21,24741000,57.74400000000001,0.763,Route10G_trip152029020_06:45:00,9,Euro4,Gasoline,Gillig_103,Passenger,11.151531
06:52:22,24742000,58.428000000000004,0.184,Route10G_trip152029020_06:45:00,9,Euro4,Gasoline,Gillig_103,Passenger,5.4499817
06:52:23,24743000,58.50000000000001,0.017,Route10G_trip152029020_06:45:00,9,Euro4,Gasoline,Gillig_103,Passenger,3.8585632
06:52:24,24744000,52.596000000000004,-1.631,Route10G_trip152029020_06:45:00,9,Euro4,Gasoline,Gillig_103,Passenger,0.59618527
06:52:25,24745000,35.388000000000005,-4.787,Route10G_trip152029020_06:45:00,9,Euro4,Gasoline,Gillig_103,Passenger,0.59618527
06:52:26,24746000,19.692000000000004,-4.352,Route10G_trip152029020_06:45:00,9,Euro4,Gasoline,Gillig_103,Passenger,0.59618527
06:52:27,24747000,3.8160000000000003,-4.408,Route10G_trip152029020_06:45:00,9,Euro4,Gasoline,Gillig_103,Passenger,0.59618527
06:52:28,24748000,0.0,-1.057,Route10G_trip152029020_06:45:00,9,Euro4,Gasoline,Gillig_103,Passenger,0.6373323
06:52:29,24749000,0.0,-0.004,Route10G_trip152029020_06:45:00,9,Euro4,Gasoline,Gillig_103,Passenger,0.8367518
06:52:30,24750000,0.0,0.0,Route10G_trip152029020_06:45:00,9,Euro4,Gasoline,Gillig_103,Passenger,0.8375094
06:52:31,24751000,0.0,0.0,Route10G_trip152029020_06:45:00,9,Euro4,Gasoline,Gillig_103,Passenger,0.8375094
06:52:32,24752000,0.0,0.0,Route10G_trip152029020_06:45:00,9,Euro4,Gasoline,Gillig_103,Passenger,0.8375094
06:52:33,24753000,0.0,0.0,Route10G_trip152029020_06:45:00,9,Euro4,Gasoline,Gillig_103,Passenger,0.8375094
06:52:34,24754000,0.0,0.0,Route10G_trip152029020_06:45:00,9,Euro4,Gasoline,Gillig_103,Passenger,0.8375094
06:52:35,24755000,0.0,0.0,Route10G_trip152029020_06:45:00,9,Euro4,Gasoline,Gillig_103,Passenger,0.8375094
06:52:36,24756000,0.0,0.0,Route10G_trip152029020_06:45:00,9,Euro4,Gasoline,Gillig_103,Passenger,0.8375094
06:52:37,24757000,0.0,0.0,Route10G_trip152029020_06:45:00,9,Euro4,Gasoline,Gillig_103,Passenger,0.8375094
06:52:38,24758000,0.0,0.0,Route10G_trip152029020_06:45:00,9,Euro4,Gasoline,Gillig_103,Passenger,0.8375094
06:52:39,24759000,0.0,0.0,Route10G_trip152029020_06:45:00,9,Euro4,Gasoline,Gillig_103,Passenger,0.8375094
06:52:40,24760000,0.0,0.0,Route10G_trip152029020_06:45:00,9,Euro4,Gasoline,Gillig_103,Passenger,0.8375094
06:52:41,24761000,0.0,0.0,Route10G_trip152029020_06:45:00,9,Euro4,Gasoline,Gillig_103,Passenger,0.8375094
06:52:42,24762000,0.0,0.0,Route10G_trip152029020_06:45:00,9,Euro4,Gasoline,Gillig_103,Passenger,0.8375094
06:52:43,24763000,0.0,0.0,Route10G_trip152029020_06:45:00,9,Euro4,Gasoline,Gillig_103,Passenger,0.8375094
06:52:44,24764000,0.0,0.0,Route10G_trip152029020_06:45:00,9,Euro4,Gasoline,Gillig_103,Passenger,0.8375094
06:52:45,24765000,0.0,0.0,Route10G_trip152029020_06:45:00,9,Euro4,Gasoline,Gillig_103,Passenger,0.8375094
06:52:46,24766000,0.0,0.0,Route10G_trip152029020_06:45:00,9,Euro4,Gasoline,Gillig_103,Passenger,0.8375094
06:52:47,24767000,0.0,0.0,Route10G_trip152029020_06:45:00,9,Euro4,Gasoline,Gillig_103,Passenger,0.8375094
06:52:48,24768000,0.0,0.0,Route10G_trip152029020_06:45:00,9,Euro4,Gasoline,Gillig_103,Passenger,0.8375094
06:52:49,24769000,0.0,0.0,Route10G_trip152029020_06:45:00,9,Euro4,Gasoline,Gillig_103,Passenger,0.8375094
06:52:50,24770000,0.0,0.0,Route10G_trip152029020_06:45:00,9,Euro4,Gasoline,Gillig_103,Passenger,0.8375094
06:52:51,24771000,0.0,0.0,Route10G_trip152029020_06:45:00,9,Euro4,Gasoline,Gillig_103,Passenger,0.8375094
06:52:52,24772000,0.0,0.0,Route10G_trip152029020_06:45:00,9,Euro4,Gasoline,Gillig_103,Passenger,0.8375094
06:52:53,24773000,0.0,0.0,Route10G_trip152029020_06:45:00,9,Euro4,Gasoline,Gillig_103,Passenger,0.8375094
06:52:54,24774000,0.0,0.0,Route10G_trip152029020_06:45:00,9,Euro4,Gasoline,Gillig_103,Passenger,0.8375094
06:52:55,24775000,0.0,0.0,Route10G_trip152029020_06:45:00,9,Euro4,Gasoline,Gillig_103,Passenger,0.8375094
06:52:56,24776000,0.0,0.0,Route10G_trip152029020_06:45:00,9,Euro4,Gasoline,Gillig_103,Passenger,0.8375094
06:52:57,24777000,0.0,0.0,Route10G_trip152029020_06:45:00,9,Euro4,Gasoline,Gillig_103,Passenger,0.8375094
06:52:58,24778000,0.0,0.001,Route10G_trip152029020_06:45:00,9,Euro4,Gasoline,Gillig_103,Passenger,0.83769876
06:52:59,24779000,2.3400000000000003,0.649,Route10G_trip152029020_06:45:00,9,Euro4,Gasoline,Gillig_103,Passenger,2.867504
06:53:00,24780000,5.868,0.982,Route10G_trip152029020_06:45:00,9,Euro4,Gasoline,Gillig_103,Passenger,5.543178
06:53:01,24781000,8.028,0.602,Route10G_trip152029020_06:45:00,9,Euro4,Gasoline,Gillig_103,Passenger,3.0593038
06:53:02,24782000,11.376000000000001,0.924,Route10G_trip152029020_06:45:00,9,Euro4,Gasoline,Gillig_103,Passenger,5.7903113
06:53:03,24783000,14.688000000000002,0.926,Route10G_trip152029020_06:45:00,9,Euro4,Gasoline,Gillig_103,Passenger,6.3085923
06:53:04,24784000,18.396,1.027,Route10G_trip152029020_06:45:00,9,Euro4,Gasoline,Gillig_103,Passenger,7.8789144
06:53:05,24785000,20.592000000000002,0.613,Route10G_trip152029020_06:45:00,9,Euro4,Gasoline,Gillig_103,Passenger,4.197489
06:53:06,24786000,22.788000000000004,0.608,Route10G_trip152029020_06:45:00,9,Euro4,Gasoline,Gillig_103,Passenger,4.3672843
06:53:07,24787000,26.1,0.917,Route10G_trip152029020_06:45:00,9,Euro4,Gasoline,Gillig_103,Passenger,7.9350996
06:53:08,24788000,28.548000000000002,0.681,Route10G_trip152029020_06:45:00,9,Euro4,Gasoline,Gillig_103,Passenger,5.937469
06:53:09,24789000,30.852000000000004,0.641,Route10G_trip152029020_06:45:00,9,Euro4,Gasoline,Gillig_103,Passenger,5.8830657
06:53:10,24790000,33.588,0.755,Route10G_trip152029020_06:45:00,9,Euro4,Gasoline,Gillig_103,Passenger,7.437494
06:53:11,24791000,36.036,0.6880000000000001,Route10G_trip152029020_06:45:00,9,Euro4,Gasoline,Gillig_103,Passenger,7.13408
06:53:12,24792000,38.232000000000006,0.606,Route10G_trip152029020_06:45:00,9,Euro4,Gasoline,Gillig_103,Passenger,6.6423826
06:53:13,24793000,42.048,1.055,Route10G_trip152029020_06:45:00,9,Euro4,Gasoline,Gillig_103,Passenger,11.717634
06:53:14,24794000,45.864000000000004,1.067,Route10G_trip152029020_06:45:00,9,Euro4,Gasoline,Gillig_103,Passenger,12.4119835
06:53:15,24795000,49.284000000000006,0.9430000000000001,Route10G_trip152029020_06:45:00,9,Euro4,Gasoline,Gillig_103,Passenger,11.683368
06:53:16,24796000,53.10000000000001,1.067,Route10G_trip152029020_06:45:00,9,Euro4,Gasoline,Gillig_103,Passenger,13.50051
06:53:17,24797000,55.72800000000001,0.726,Route10G_trip152029020_06:45:00,9,Euro4,Gasoline,Gillig_103,Passenger,10.477338
06:53:18,24798000,58.464000000000006,0.765,Route10G_trip152029020_06:45:00,9,Euro4,Gasoline,Gillig_103,Passenger,11.279891
06:53:19,24799000,47.592000000000006,-3.0260000000000002,Route10G_trip152029020_06:45:00,9,Euro4,Gasoline,Gillig_103,Passenger,0.59618527
06:53:20,24800000,30.312000000000005,-4.799,Route10G_trip152029020_06:45:00,9,Euro4,Gasoline,Gillig_103,Passenger,0.59618527
06:53:21,24801000,13.032000000000002,-4.799,Route10G_trip152029020_06:45:00,9,Euro4,Gasoline,Gillig_103,Passenger,0.59618527
06:53:22,24802000,0.9360000000000002,-3.354,Route10G_trip152029020_06:45:00,9,Euro4,Gasoline,Gillig_103,Passenger,0.59618527
06:53:23,24803000,0.18000000000000002,-0.216,Route10G_trip152029020_06:45:00,9,Euro4,Gasoline,Gillig_103,Passenger,0.79612136
06:53:24,24804000,0.0,-0.044,Route10G_trip152029020_06:45:00,9,Euro4,Gasoline,Gillig_103,Passenger,0.82917655
06:53:25,24805000,0.0,0.0,Route10G_trip152029020_06:45:00,9,Euro4,Gasoline,Gillig_103,Passenger,0.8375094
06:53:26,24806000,0.0,0.0,Route10G_trip152029020_06:45:00,9,Euro4,Gasoline,Gillig_103,Passenger,0.8375094
06:53:27,24807000,0.0,0.0,Route10G_trip152029020_06:45:00,9,Euro4,Gasoline,Gillig_103,Passenger,0.8375094
06:53:28,24808000,0.0,0.0,Route10G_trip152029020_06:45:00,9,Euro4,Gasoline,Gillig_103,Passenger,0.8375094
06:53:29,24809000,0.0,0.0,Route10G_trip152029020_06:45:00,9,Euro4,Gasoline,Gillig_103,Passenger,0.8375094
06:53:30,24810000,0.0,0.0,Route10G_trip152029020_06:45:00,9,Euro4,Gasoline,Gillig_103,Passenger,0.8375094
06:53:31,24811000,0.0,0.0,Route10G_trip152029020_06:45:00,9,Euro4,Gasoline,Gillig_103,Passenger,0.8375094
06:53:32,24812000,0.0,0.0,Route10G_trip152029020_06:45:00,9,Euro4,Gasoline,Gillig_103,Passenger,0.8375094
06:53:33,24813000,0.0,0.0,Route10G_trip152029020_06:45:00,9,Euro4,Gasoline,Gillig_103,Passenger,0.8375094
06:53:34,24814000,0.0,0.0,Route10G_trip152029020_06:45:00,9,Euro4,Gasoline,Gillig_103,Passenger,0.8375094
06:53:35,24815000,0.0,0.0,Route10G_trip152029020_06:45:00,9,Euro4,Gasoline,Gillig_103,Passenger,0.8375094
06:53:36,24816000,0.0,0.0,Route10G_trip152029020_06:45:00,9,Euro4,Gasoline,Gillig_103,Passenger,0.8375094
06:53:37,24817000,0.0,0.0,Route10G_trip152029020_06:45:00,9,Euro4,Gasoline,Gillig_103,Passenger,0.8375094
06:53:38,24818000,0.0,0.0,Route10G_trip152029020_06:45:00,9,Euro4,Gasoline,Gillig_103,Passenger,0.8375094
06:53:39,24819000,0.0,0.0,Route10G_trip152029020_06:45:00,9,Euro4,Gasoline,Gillig_103,Passenger,0.8375094
06:53:40,24820000,0.0,0.0,Route10G_trip152029020_06:45:00,9,Euro4,Gasoline,Gillig_103,Passenger,0.8375094
06:53:41,24821000,0.0,0.0,Route10G_trip152029020_06:45:00,9,Euro4,Gasoline,Gillig_103,Passenger,0.8375094
06:53:42,24822000,0.0,0.0,Route10G_trip152029020_06:45:00,9,Euro4,Gasoline,Gillig_103,Passenger,0.8375094
06:53:43,24823000,0.0,0.0,Route10G_trip152029020_06:45:00,9,Euro4,Gasoline,Gillig_103,Passenger,0.8375094
06:53:44,24824000,0.0,0.0,Route10G_trip152029020_06:45:00,9,Euro4,Gasoline,Gillig_103,Passenger,0.8375094
06:53:45,24825000,0.0,0.0,Route10G_trip152029020_06:45:00,9,Euro4,Gasoline,Gillig_103,Passenger,0.8375094
06:53:46,24826000,0.0,0.0,Route10G_trip152029020_06:45:00,9,Euro4,Gasoline,Gillig_103,Passenger,0.8375094
06:53:47,24827000,0.0,0.0,Route10G_trip152029020_06:45:00,9,Euro4,Gasoline,Gillig_103,Passenger,0.8375094
06:53:48,24828000,0.0,0.0,Route10G_trip152029020_06:45:00,9,Euro4,Gasoline,Gillig_103,Passenger,0.8375094
06:53:49,24829000,0.0,0.0,Route10G_trip152029020_06:45:00,9,Euro4,Gasoline,Gillig_103,Passenger,0.8375094
06:53:50,24830000,0.0,0.0,Route10G_trip152029020_06:45:00,9,Euro4,Gasoline,Gillig_103,Passenger,0.8375094
06:53:51,24831000,0.0,0.0,Route10G_trip152029020_06:45:00,9,Euro4,Gasoline,Gillig_103,Passenger,0.8375094
06:53:52,24832000,0.0,0.0,Route10G_trip152029020_06:45:00,9,Euro4,Gasoline,Gillig_103,Passenger,0.8375094
06:53:53,24833000,0.036000000000000004,0.01,Route10G_trip152029020_06:45:00,9,Euro4,Gasoline,Gillig_103,Passenger,0.8393069
06:53:54,24834000,2.5200000000000005,0.6910000000000001,Route10G_trip152029020_06:45:00,9,Euro4,Gasoline,Gillig_103,Passenger,3.1198103
06:53:55,24835000,5.904000000000001,0.9400000000000001,Route10G_trip152029020_06:45:00,9,Euro4,Gasoline,Gillig_103,Passenger,5.1275454
06:53:56,24836000,10.008000000000001,1.1380000000000001,Route10G_trip152029020_06:45:00,9,Euro4,Gasoline,Gillig_103,Passenger,7.72986
06:53:57,24837000,12.780000000000001,0.767,Route10G_trip152029020_06:45:00,9,Euro4,Gasoline,Gillig_103,Passenger,4.4673586
06:53:58,24838000,16.992,1.172,Route10G_trip152029020_06:45:00,9,Euro4,Gasoline,Gillig_103,Passenger,9.121327
06:53:59,24839000,20.988000000000003,1.116,Route10G_trip152029020_06:45:00,9,Euro4,Gasoline,Gillig_103,Passenger,9.1610565
06:54:00,24840000,24.120000000000005,0.869,Route10G_trip152029020_06:45:00,9,Euro4,Gasoline,Gillig_103,Passenger,7.156046
06:54:01,24841000,26.928000000000004,0.778,Route10G_trip152029020_06:45:00,9,Euro4,Gasoline,Gillig_103,Passenger,6.6661887
06:54:02,24842000,30.528000000000002,1.004,Route10G_trip152029020_06:45:00,9,Euro4,Gasoline,Gillig_103,Passenger,9.473383
06:54:03,24843000,34.344,1.056,Route10G_trip152029020_06:45:00,9,Euro4,Gasoline,Gillig_103,Passenger,10.568729
06:54:04,24844000,38.62800000000001,1.187,Route10G_trip152029020_06:45:00,9,Euro4,Gasoline,Gillig_103,Passenger,12.52645
06:54:05,24845000,41.760000000000005,0.873,Route10G_trip152029020_06:45:00,9,Euro4,Gasoline,Gillig_103,Passenger,9.849769
06:54:06,24846000,44.10000000000001,0.653,Route10G_trip152029020_06:45:00,9,Euro4,Gasoline,Gillig_103,Passenger,7.9962907
06:54:07,24847000,48.20400000000001,1.1360000000000001,Route10G_trip152029020_06:45:00,9,Euro4,Gasoline,Gillig_103,Passenger,13.455716
06:54:08,24848000,52.02,1.06,Route10G_trip152029020_06:45:00,9,Euro4,Gasoline,Gillig_103,Passenger,13.267868
06:54:09,24849000,55.620000000000005,1.0010000000000001,Route10G_trip152029020_06:45:00,9,Euro4,Gasoline,Gillig_103,Passenger,13.217953
06:54:10,24850000,58.428000000000004,0.783,Route10G_trip152029020_06:45:00,9,Euro4,Gasoline,Gillig_103,Passenger,11.454927
06:54:11,24851000,53.42400000000001,-1.391,Route10G_trip152029020_06:45:00,9,Euro4,Gasoline,Gillig_103,Passenger,0.59618527
06:54:12,24852000,36.828,-4.611,Route10G_trip152029020_06:45:00,9,Euro4,Gasoline,Gillig_103,Passenger,0.59618527
06:54:13,24853000,19.656000000000002,-4.766,Route10G_trip152029020_06:45:00,9,Euro4,Gasoline,Gillig_103,Passenger,0.59618527
06:54:14,24854000,2.3760000000000003,-4.799,Route10G_trip152029020_06:45:00,9,Euro4,Gasoline,Gillig_103,Passenger,0.59618527
06:54:15,24855000,0.396,-0.555,Route10G_trip152029020_06:45:00,9,Euro4,Gasoline,Gillig_103,Passenger,0.7313431
06:54:16,24856000,0.036000000000000004,-0.099,Route10G_trip152029020_06:45:00,9,Euro4,Gasoline,Gillig_103,Passenger,0.8186642
06:54:17,24857000,0.0,-0.006,Route10G_trip152029020_06:45:00,9,Euro4,Gasoline,Gillig_103,Passenger,0.8363731
06:54:18,24858000,0.0,0.0,Route10G_trip152029020_06:45:00,9,Euro4,Gasoline,Gillig_103,Passenger,0.8375094
06:54:19,24859000,0.0,0.0,Route10G_trip152029020_06:45:00,9,Euro4,Gasoline,Gillig_103,Passenger,0.8375094
06:54:20,24860000,0.0,0.0,Route10G_trip152029020_06:45:00,9,Euro4,Gasoline,Gillig_103,Passenger,0.8375094
06:54:21,24861000,0.0,0.0,Route10G_trip152029020_06:45:00,9,Euro4,Gasoline,Gillig_103,Passenger,0.8375094
06:54:22,24862000,0.0,0.0,Route10G_trip152029020_06:45:00,9,Euro4,Gasoline,Gillig_103,Passenger,0.8375094
06:54:23,24863000,0.0,0.0,Route10G_trip152029020_06:45:00,9,Euro4,Gasoline,Gillig_103,Passenger,0.8375094
06:54:24,24864000,0.0,0.0,Route10G_trip152029020_06:45:00,9,Euro4,Gasoline,Gillig_103,Passenger,0.8375094
06:54:25,24865000,0.0,0.0,Route10G_trip152029020_06:45:00,9,Euro4,Gasoline,Gillig_103,Passenger,0.8375094
06:54:26,24866000,0.0,0.0,Route10G_trip152029020_06:45:00,9,Euro4,Gasoline,Gillig_103,Passenger,0.8375094
06:54:27,24867000,0.0,0.0,Route10G_trip152029020_06:45:00,9,Euro4,Gasoline,Gillig_103,Passenger,0.8375094
06:54:28,24868000,0.0,0.0,Route10G_trip152029020_06:45:00,9,Euro4,Gasoline,Gillig_103,Passenger,0.8375094
06:54:29,24869000,0.0,0.0,Route10G_trip152029020_06:45:00,9,Euro4,Gasoline,Gillig_103,Passenger,0.8375094
06:54:30,24870000,0.0,0.0,Route10G_trip152029020_06:45:00,9,Euro4,Gasoline,Gillig_103,Passenger,0.8375094
06:54:31,24871000,0.0,0.0,Route10G_trip152029020_06:45:00,9,Euro4,Gasoline,Gillig_103,Passenger,0.8375094
06:54:32,24872000,0.0,0.0,Route10G_trip152029020_06:45:00,9,Euro4,Gasoline,Gillig_103,Passenger,0.8375094
06:54:33,24873000,0.0,0.0,Route10G_trip152029020_06:45:00,9,Euro4,Gasoline,Gillig_103,Passenger,0.8375094
06:54:34,24874000,0.0,0.0,Route10G_trip152029020_06:45:00,9,Euro4,Gasoline,Gillig_103,Passenger,0.8375094
06:54:35,24875000,0.0,0.0,Route10G_trip152029020_06:45:00,9,Euro4,Gasoline,Gillig_103,Passenger,0.8375094
06:54:36,24876000,0.0,0.0,Route10G_trip152029020_06:45:00,9,Euro4,Gasoline,Gillig_103,Passenger,0.8375094
06:54:37,24877000,0.0,0.0,Route10G_trip152029020_06:45:00,9,Euro4,Gasoline,Gillig_103,Passenger,0.8375094
06:54:38,24878000,0.0,0.0,Route10G_trip152029020_06:45:00,9,Euro4,Gasoline,Gillig_103,Passenger,0.8375094
06:54:39,24879000,0.0,0.0,Route10G_trip152029020_06:45:00,9,Euro4,Gasoline,Gillig_103,Passenger,0.8375094
06:54:40,24880000,0.0,0.0,Route10G_trip152029020_06:45:00,9,Euro4,Gasoline,Gillig_103,Passenger,0.8375094
06:54:41,24881000,0.0,0.0,Route10G_trip152029020_06:45:00,9,Euro4,Gasoline,Gillig_103,Passenger,0.8375094
06:54:42,24882000,0.0,0.0,Route10G_trip152029020_06:45:00,9,Euro4,Gasoline,Gillig_103,Passenger,0.8375094
06:54:43,24883000,0.0,0.0,Route10G_trip152029020_06:45:00,9,Euro4,Gasoline,Gillig_103,Passenger,0.8375094
06:54:44,24884000,0.0,0.0,Route10G_trip152029020_06:45:00,9,Euro4,Gasoline,Gillig_103,Passenger,0.8375094
06:54:45,24885000,0.0,0.0,Route10G_trip152029020_06:45:00,9,Euro4,Gasoline,Gillig_103,Passenger,0.8375094
06:54:46,24886000,0.036000000000000004,0.006,Route10G_trip152029020_06:45:00,9,Euro4,Gasoline,Gillig_103,Passenger,0.8385494
06:54:47,24887000,3.5640000000000005,0.981,Route10G_trip152029020_06:45:00,9,Euro4,Gasoline,Gillig_103,Passenger,5.186558
06:54:48,24888000,5.868,0.645,Route10G_trip152029020_06:45:00,9,Euro4,Gasoline,Gillig_103,Passenger,3.128885
06:54:49,24889000,9.756000000000002,1.082,Route10G_trip152029020_06:45:00,9,Euro4,Gasoline,Gillig_103,Passenger,7.130554
06:54:50,24890000,13.320000000000002,0.986,Route10G_trip152029020_06:45:00,9,Euro4,Gasoline,Gillig_103,Passenger,6.704298
06:54:51,24891000,17.64,1.196,Route10G_trip152029020_06:45:00,9,Euro4,Gasoline,Gillig_103,Passenger,9.459405
06:54:52,24892000,20.304000000000002,0.747,Route10G_trip152029020_06:45:00,9,Euro4,Gasoline,Gillig_103,Passenger,5.358953
06:54:53,24893000,22.644000000000002,0.646,Route10G_trip152029020_06:45:00,9,Euro4,Gasoline,Gillig_103,Passenger,4.698444
06:54:54,24894000,25.704000000000004,0.845,Route10G_trip152029020_06:45:00,9,Euro4,Gasoline,Gillig_103,Passenger,7.153733
06:54:55,24895000,27.972000000000005,0.631,Route10G_trip152029020_06:45:00,9,Euro4,Gasoline,Gillig_103,Passenger,5.3495727
06:54:56,24896000,31.356000000000005,0.9490000000000001,Route10G_trip152029020_06:45:00,9,Euro4,Gasoline,Gillig_103,Passenger,9.04657
06:54:57,24897000,34.416000000000004,0.842,Route10G_trip152029020_06:45:00,9,Euro4,Gasoline,Gillig_103,Passenger,8.434221
06:54:58,24898000,38.412000000000006,1.109,Route10G_trip152029020_06:45:00,9,Euro4,Gasoline,Gillig_103,Passenger,11.712008
06:54:59,24899000,41.724000000000004,0.927,Route10G_trip152029020_06:45:00,9,Euro4,Gasoline,Gillig_103,Passenger,10.385701
06:55:00,24900000,44.676,0.8210000000000001,Route10G_trip152029020_06:45:00,9,Euro4,Gasoline,Gillig_103,Passenger,9.767132
06:55:01,24901000,48.92400000000001,1.176,Route10G_trip152029020_06:45:00,9,Euro4,Gasoline,Gillig_103,Passenger,13.965024
06:55:02,24902000,52.776,1.074,Route10G_trip152029020_06:45:00,9,Euro4,Gasoline,Gillig_103,Passenger,13.521945
06:55:03,24903000,56.12400000000001,0.924,Route10G_trip152029020_06:45:00,9,Euro4,Gasoline,Gillig_103,Passenger,12.52185
06:55:04,24904000,58.824000000000005,0.755,Route10G_trip152029020_06:45:00,9,Euro4,Gasoline,Gillig_103,Passenger,11.233799
06:55:05,24905000,58.212,-0.17,Route10G_trip152029020_06:45:00,9,Euro4,Gasoline,Gillig_103,Passenger,2.7282207
06:55:06,24906000,57.06000000000001,-0.318,Route10G_trip152029020_06:45:00,9,Euro4,Gasoline,Gillig_103,Passenger,2.060467
06:55:07,24907000,57.96000000000001,0.243,Route10G_trip152029020_06:45:00,9,Euro4,Gasoline,Gillig_103,Passenger,5.97105
06:55:08,24908000,58.248000000000005,0.084,Route10G_trip152029020_06:45:00,9,Euro4,Gasoline,Gillig_103,Passenger,4.4204073
06:55:09,24909000,57.63600000000001,-0.165,Route10G_trip152029020_06:45:00,9,Euro4,Gasoline,Gillig_103,Passenger,2.71016
06:55:10,24910000,58.89600000000001,0.34400000000000003,Route10G_trip152029020_06:45:00,9,Euro4,Gasoline,Gillig_103,Passenger,7.1243753
06:55:11,24911000,57.63600000000001,-0.35100000000000003,Route10G_trip152029020_06:45:00,9,Euro4,Gasoline,Gillig_103,Passenger,1.981007
06:55:12,24912000,57.96000000000001,0.09,Route10G_trip152029020_06:45:00,9,Euro4,Gasoline,Gillig_103,Passenger,4.437233
06:55:13,24913000,57.852000000000004,-0.02,Route10G_trip152029020_06:45:00,9,Euro4,Gasoline,Gillig_103,Passenger,3.5616152
06:55:14,24914000,56.52,-0.376,Route10G_trip152029020_06:45:00,9,Euro4,Gasoline,Gillig_103,Passenger,1.8438351
06:55:15,24915000,40.032000000000004,-4.581,Route10G_trip152029020_06:45:00,9,Euro4,Gasoline,Gillig_103,Passenger,0.59618527
06:55:16,24916000,22.752000000000002,-4.799,Route10G_trip152029020_06:45:00,9,Euro4,Gasoline,Gillig_103,Passenger,0.59618527
06:55:17,24917000,5.472,-4.799,Route10G_trip152029020_06:45:00,9,Euro4,Gasoline,Gillig_103,Passenger,0.59618527
06:55:18,24918000,0.36000000000000004,-1.413,Route10G_trip152029020_06:45:00,9,Euro4,Gasoline,Gillig_103,Passenger,0.59618527
06:55:19,24919000,0.14400000000000002,-0.063,Route10G_trip152029020_06:45:00,9,Euro4,Gasoline,Gillig_103,Passenger,0.82519317
06:55:20,24920000,0.0,-0.036000000000000004,Route10G_trip152029020_06:45:00,9,Euro4,Gasoline,Gillig_103,Passenger,0.8306916
06:55:21,24921000,0.0,0.0,Route10G_trip152029020_06:45:00,9,Euro4,Gasoline,Gillig_103,Passenger,0.8375094
06:55:22,24922000,0.0,0.0,Route10G_trip152029020_06:45:00,9,Euro4,Gasoline,Gillig_103,Passenger,0.8375094
06:55:23,24923000,0.0,0.0,Route10G_trip152029020_06:45:00,9,Euro4,Gasoline,Gillig_103,Passenger,0.8375094
06:55:24,24924000,0.0,0.0,Route10G_trip152029020_06:45:00,9,Euro4,Gasoline,Gillig_103,Passenger,0.8375094
06:55:25,24925000,0.0,0.0,Route10G_trip152029020_06:45:00,9,Euro4,Gasoline,Gillig_103,Passenger,0.8375094
06:55:26,24926000,0.0,0.0,Route10G_trip152029020_06:45:00,9,Euro4,Gasoline,Gillig_103,Passenger,0.8375094
06:55:27,24927000,0.0,0.0,Route10G_trip152029020_06:45:00,9,Euro4,Gasoline,Gillig_103,Passenger,0.8375094
06:55:28,24928000,0.0,0.0,Route10G_trip152029020_06:45:00,9,Euro4,Gasoline,Gillig_103,Passenger,0.8375094
06:55:29,24929000,0.0,0.0,Route10G_trip152029020_06:45:00,9,Euro4,Gasoline,Gillig_103,Passenger,0.8375094
06:55:30,24930000,0.0,0.0,Route10G_trip152029020_06:45:00,9,Euro4,Gasoline,Gillig_103,Passenger,0.8375094
06:55:31,24931000,0.0,0.0,Route10G_trip152029020_06:45:00,9,Euro4,Gasoline,Gillig_103,Passenger,0.8375094
06:55:32,24932000,0.0,0.0,Route10G_trip152029020_06:45:00,9,Euro4,Gasoline,Gillig_103,Passenger,0.8375094
06:55:33,24933000,0.0,0.0,Route10G_trip152029020_06:45:00,9,Euro4,Gasoline,Gillig_103,Passenger,0.8375094
06:55:34,24934000,0.0,0.0,Route10G_trip152029020_06:45:00,9,Euro4,Gasoline,Gillig_103,Passenger,0.8375094
06:55:35,24935000,0.0,0.0,Route10G_trip152029020_06:45:00,9,Euro4,Gasoline,Gillig_103,Passenger,0.8375094
06:55:36,24936000,0.0,0.0,Route10G_trip152029020_06:45:00,9,Euro4,Gasoline,Gillig_103,Passenger,0.8375094
06:55:37,24937000,0.0,0.0,Route10G_trip152029020_06:45:00,9,Euro4,Gasoline,Gillig_103,Passenger,0.8375094
06:55:38,24938000,0.0,0.0,Route10G_trip152029020_06:45:00,9,Euro4,Gasoline,Gillig_103,Passenger,0.8375094
06:55:39,24939000,0.0,0.0,Route10G_trip152029020_06:45:00,9,Euro4,Gasoline,Gillig_103,Passenger,0.8375094
06:55:40,24940000,0.0,0.0,Route10G_trip152029020_06:45:00,9,Euro4,Gasoline,Gillig_103,Passenger,0.8375094
06:55:41,24941000,0.0,0.0,Route10G_trip152029020_06:45:00,9,Euro4,Gasoline,Gillig_103,Passenger,0.8375094
06:55:42,24942000,0.0,0.0,Route10G_trip152029020_06:45:00,9,Euro4,Gasoline,Gillig_103,Passenger,0.8375094
06:55:43,24943000,0.0,0.0,Route10G_trip152029020_06:45:00,9,Euro4,Gasoline,Gillig_103,Passenger,0.8375094
06:55:44,24944000,0.0,0.0,Route10G_trip152029020_06:45:00,9,Euro4,Gasoline,Gillig_103,Passenger,0.8375094
06:55:45,24945000,0.0,0.0,Route10G_trip152029020_06:45:00,9,Euro4,Gasoline,Gillig_103,Passenger,0.8375094
06:55:46,24946000,0.0,0.0,Route10G_trip152029020_06:45:00,9,Euro4,Gasoline,Gillig_103,Passenger,0.8375094
06:55:47,24947000,0.0,0.0,Route10G_trip152029020_06:45:00,9,Euro4,Gasoline,Gillig_103,Passenger,0.8375094
06:55:48,24948000,0.0,0.0,Route10G_trip152029020_06:45:00,9,Euro4,Gasoline,Gillig_103,Passenger,0.8375094
06:55:49,24949000,0.036000000000000004,0.007,Route10G_trip152029020_06:45:00,9,Euro4,Gasoline,Gillig_103,Passenger,0.8387388
06:55:50,24950000,3.8520000000000003,1.066,Route10G_trip152029020_06:45:00,9,Euro4,Gasoline,Gillig_103,Passenger,6.082003
06:55:51,24951000,7.056000000000001,0.882,Route10G_trip152029020_06:45:00,9,Euro4,Gasoline,Gillig_103,Passenger,4.719396
06:55:52,24952000,9.972000000000001,0.812,Route10G_trip152029020_06:45:00,9,Euro4,Gasoline,Gillig_103,Passenger,4.497929
06:55:53,24953000,14.004000000000001,1.122,Route10G_trip152029020_06:45:00,9,Euro4,Gasoline,Gillig_103,Passenger,8.170587
06:55:54,24954000,16.344,0.647,Route10G_trip152029020_06:45:00,9,Euro4,Gasoline,Gillig_103,Passenger,4.0251117
06:55:55,24955000,18.576,0.622,Route10G_trip152029020_06:45:00,9,Euro4,Gasoline,Gillig_103,Passenger,4.0699034
06:55:56,24956000,21.636000000000003,0.85,Route10G_trip152029020_06:45:00,9,Euro4,Gasoline,Gillig_103,Passenger,6.5918994
06:55:57,24957000,24.480000000000004,0.794,Route10G_trip152029020_06:45:00,9,Euro4,Gasoline,Gillig_103,Passenger,6.458331
06:55:58,24958000,26.964000000000002,0.686,Route10G_trip152029020_06:45:00,9,Euro4,Gasoline,Gillig_103,Passenger,5.749309
06:55:59,24959000,31.212000000000003,1.187,Route10G_trip152029020_06:45:00,9,Euro4,Gasoline,Gillig_103,Passenger,11.410846
06:56:00,24960000,34.344,0.868,Route10G_trip152029020_06:45:00,9,Euro4,Gasoline,Gillig_103,Passenger,8.684039
06:56:01,24961000,36.792,0.679,Route10G_trip152029020_06:45:00,9,Euro4,Gasoline,Gillig_103,Passenger,7.157582
06:56:02,24962000,40.176,0.9390000000000001,Route10G_trip152029020_06:45:00,9,Euro4,Gasoline,Gillig_103,Passenger,10.27313
06:56:03,24963000,44.172000000000004,1.114,Route10G_trip152029020_06:45:00,9,Euro4,Gasoline,Gillig_103,Passenger,12.628625
06:56:04,24964000,47.62800000000001,0.9540000000000001,Route10G_trip152029020_06:45:00,9,Euro4,Gasoline,Gillig_103,Passenger,11.544525
06:56:05,24965000,51.120000000000005,0.971,Route10G_trip152029020_06:45:00,9,Euro4,Gasoline,Gillig_103,Passenger,12.24026
06:56:06,24966000,50.29200000000001,-0.226,Route10G_trip152029020_06:45:00,9,Euro4,Gasoline,Gillig_103,Passenger,2.0260239
06:56:07,24967000,33.876000000000005,-4.562,Route10G_trip152029020_06:45:00,9,Euro4,Gasoline,Gillig_103,Passenger,0.59618527
06:56:08,24968000,17.928,-4.431,Route10G_trip152029020_06:45:00,9,Euro4,Gasoline,Gillig_103,Passenger,0.59618527
06:56:09,24969000,0.8280000000000001,-4.751,Route10G_trip152029020_06:45:00,9,Euro4,Gasoline,Gillig_103,Passenger,0.59618527
06:56:10,24970000,0.4680000000000001,-0.096,Route10G_trip152029020_06:45:00,9,Euro4,Gasoline,Gillig_103,Passenger,0.81807697
06:56:11,24971000,0.21600000000000003,-0.074,Route10G_trip152029020_06:45:00,9,Euro4,Gasoline,Gillig_103,Passenger,0.82291734
06:56:12,24972000,0.0,-0.054,Route10G_trip152029020_06:45:00,9,Euro4,Gasoline,Gillig_103,Passenger,0.8272827
06:56:13,24973000,0.0,0.0,Route10G_trip152029020_06:45:00,9,Euro4,Gasoline,Gillig_103,Passenger,0.8375094
06:56:14,24974000,0.0,0.0,Route10G_trip152029020_06:45:00,9,Euro4,Gasoline,Gillig_103,Passenger,0.8375094
06:56:15,24975000,0.0,0.0,Route10G_trip152029020_06:45:00,9,Euro4,Gasoline,Gillig_103,Passenger,0.8375094
06:56:16,24976000,0.0,0.0,Route10G_trip152029020_06:45:00,9,Euro4,Gasoline,Gillig_103,Passenger,0.8375094
06:56:17,24977000,0.0,0.0,Route10G_trip152029020_06:45:00,9,Euro4,Gasoline,Gillig_103,Passenger,0.8375094
06:56:18,24978000,0.0,0.0,Route10G_trip152029020_06:45:00,9,Euro4,Gasoline,Gillig_103,Passenger,0.8375094
06:56:19,24979000,0.0,0.0,Route10G_trip152029020_06:45:00,9,Euro4,Gasoline,Gillig_103,Passenger,0.8375094
06:56:20,24980000,0.0,0.0,Route10G_trip152029020_06:45:00,9,Euro4,Gasoline,Gillig_103,Passenger,0.8375094
06:56:21,24981000,0.0,0.0,Route10G_trip152029020_06:45:00,9,Euro4,Gasoline,Gillig_103,Passenger,0.8375094
06:56:22,24982000,0.0,0.0,Route10G_trip152029020_06:45:00,9,Euro4,Gasoline,Gillig_103,Passenger,0.8375094
06:56:23,24983000,0.0,0.0,Route10G_trip152029020_06:45:00,9,Euro4,Gasoline,Gillig_103,Passenger,0.8375094
06:56:24,24984000,0.0,0.0,Route10G_trip152029020_06:45:00,9,Euro4,Gasoline,Gillig_103,Passenger,0.8375094
06:56:25,24985000,0.0,0.0,Route10G_trip152029020_06:45:00,9,Euro4,Gasoline,Gillig_103,Passenger,0.8375094
06:56:26,24986000,0.0,0.0,Route10G_trip152029020_06:45:00,9,Euro4,Gasoline,Gillig_103,Passenger,0.8375094
06:56:27,24987000,0.0,0.0,Route10G_trip152029020_06:45:00,9,Euro4,Gasoline,Gillig_103,Passenger,0.8375094
06:56:28,24988000,0.0,0.0,Route10G_trip152029020_06:45:00,9,Euro4,Gasoline,Gillig_103,Passenger,0.8375094
06:56:29,24989000,0.0,0.0,Route10G_trip152029020_06:45:00,9,Euro4,Gasoline,Gillig_103,Passenger,0.8375094
06:56:30,24990000,0.0,0.0,Route10G_trip152029020_06:45:00,9,Euro4,Gasoline,Gillig_103,Passenger,0.8375094
06:56:31,24991000,0.0,0.0,Route10G_trip152029020_06:45:00,9,Euro4,Gasoline,Gillig_103,Passenger,0.8375094
06:56:32,24992000,0.0,0.0,Route10G_trip152029020_06:45:00,9,Euro4,Gasoline,Gillig_103,Passenger,0.8375094
06:56:33,24993000,0.0,0.0,Route10G_trip152029020_06:45:00,9,Euro4,Gasoline,Gillig_103,Passenger,0.8375094
06:56:34,24994000,0.0,0.0,Route10G_trip152029020_06:45:00,9,Euro4,Gasoline,Gillig_103,Passenger,0.8375094
06:56:35,24995000,0.0,0.0,Route10G_trip152029020_06:45:00,9,Euro4,Gasoline,Gillig_103,Passenger,0.8375094
06:56:36,24996000,0.0,0.0,Route10G_trip152029020_06:45:00,9,Euro4,Gasoline,Gillig_103,Passenger,0.8375094
06:56:37,24997000,0.0,0.0,Route10G_trip152029020_06:45:00,9,Euro4,Gasoline,Gillig_103,Passenger,0.8375094
06:56:38,24998000,0.0,0.0,Route10G_trip152029020_06:45:00,9,Euro4,Gasoline,Gillig_103,Passenger,0.8375094
06:56:39,24999000,0.0,0.0,Route10G_trip152029020_06:45:00,9,Euro4,Gasoline,Gillig_103,Passenger,0.8375094
06:56:40,25000000,0.0,0.0,Route10G_trip152029020_06:45:00,9,Euro4,Gasoline,Gillig_103,Passenger,0.8375094
06:56:41,25001000,0.036000000000000004,0.007,Route10G_trip152029020_06:45:00,9,Euro4,Gasoline,Gillig_103,Passenger,0.8387388
06:56:42,25002000,2.664,0.733,Route10G_trip152029020_06:45:00,9,Euro4,Gasoline,Gillig_103,Passenger,3.3692183
06:56:43,25003000,5.148000000000001,0.687,Route10G_trip152029020_06:45:00,9,Euro4,Gasoline,Gillig_103,Passenger,3.3087347
06:56:44,25004000,7.668000000000001,0.704,Route10G_trip152029020_06:45:00,9,Euro4,Gasoline,Gillig_103,Passenger,3.607872
06:56:45,25005000,9.864,0.611,Route10G_trip152029020_06:45:00,9,Euro4,Gasoline,Gillig_103,Passenger,3.258076
06:56:46,25006000,12.060000000000002,0.606,Route10G_trip152029020_06:45:00,9,Euro4,Gasoline,Gillig_103,Passenger,3.4065588
06:56:47,25007000,14.256000000000002,0.613,Route10G_trip152029020_06:45:00,9,Euro4,Gasoline,Gillig_103,Passenger,3.6229887
06:56:48,25008000,17.748,0.972,Route10G_trip152029020_06:45:00,9,Euro4,Gasoline,Gillig_103,Passenger,7.230062
06:56:49,25009000,20.664,0.805,Route10G_trip152029020_06:45:00,9,Euro4,Gasoline,Gillig_103,Passenger,5.994556
06:56:50,25010000,24.696,1.125,Route10G_trip152029020_06:45:00,9,Euro4,Gasoline,Gillig_103,Passenger,9.809082
06:56:51,25011000,27.432000000000002,0.753,Route10G_trip152029020_06:45:00,9,Euro4,Gasoline,Gillig_103,Passenger,6.491383
06:56:52,25012000,29.772000000000002,0.651,Route10G_trip152029020_06:45:00,9,Euro4,Gasoline,Gillig_103,Passenger,5.82085
06:56:53,25013000,32.508,0.763,Route10G_trip152029020_06:45:00,9,Euro4,Gasoline,Gillig_103,Passenger,7.355226
06:56:54,25014000,35.496,0.835,Route10G_trip152029020_06:45:00,9,Euro4,Gasoline,Gillig_103,Passenger,8.526513
06:56:55,25015000,39.42,1.083,Route10G_trip152029020_06:45:00,9,Euro4,Gasoline,Gillig_103,Passenger,11.602998
06:56:56,25016000,42.912000000000006,0.972,Route10G_trip152029020_06:45:00,9,Euro4,Gasoline,Gillig_103,Passenger,11.015536
06:56:57,25017000,46.87200000000001,1.101,Route10G_trip152029020_06:45:00,9,Euro4,Gasoline,Gillig_103,Passenger,12.904467
06:56:58,25018000,51.156000000000006,1.191,Route10G_trip152029020_06:45:00,9,Euro4,Gasoline,Gillig_103,Passenger,14.451163
06:56:59,25019000,41.400000000000006,-2.713,Route10G_trip152029020_06:45:00,9,Euro4,Gasoline,Gillig_103,Passenger,0.59618527
06:57:00,25020000,25.128000000000004,-4.513,Route10G_trip152029020_06:45:00,9,Euro4,Gasoline,Gillig_103,Passenger,0.59618527
06:57:01,25021000,9.252,-4.409,Route10G_trip152029020_06:45:00,9,Euro4,Gasoline,Gillig_103,Passenger,0.59618527
06:57:02,25022000,1.5480000000000003,-2.1430000000000002,Route10G_trip152029020_06:45:00,9,Euro4,Gasoline,Gillig_103,Passenger,0.59618527
06:57:03,25023000,0.036000000000000004,-0.424,Route10G_trip152029020_06:45:00,9,Euro4,Gasoline,Gillig_103,Passenger,0.757115
06:57:04,25024000,0.0,-0.005,Route10G_trip152029020_06:45:00,9,Euro4,Gasoline,Gillig_103,Passenger,0.83656245
06:57:05,25025000,0.0,0.0,Route10G_trip152029020_06:45:00,9,Euro4,Gasoline,Gillig_103,Passenger,0.8375094
06:57:06,25026000,0.0,0.0,Route10G_trip152029020_06:45:00,9,Euro4,Gasoline,Gillig_103,Passenger,0.8375094
06:57:07,25027000,0.0,0.0,Route10G_trip152029020_06:45:00,9,Euro4,Gasoline,Gillig_103,Passenger,0.8375094
06:57:08,25028000,0.0,0.0,Route10G_trip152029020_06:45:00,9,Euro4,Gasoline,Gillig_103,Passenger,0.8375094
06:57:09,25029000,0.0,0.0,Route10G_trip152029020_06:45:00,9,Euro4,Gasoline,Gillig_103,Passenger,0.8375094
06:57:10,25030000,0.0,0.0,Route10G_trip152029020_06:45:00,9,Euro4,Gasoline,Gillig_103,Passenger,0.8375094
06:57:11,25031000,0.0,0.0,Route10G_trip152029020_06:45:00,9,Euro4,Gasoline,Gillig_103,Passenger,0.8375094
06:57:12,25032000,0.0,0.0,Route10G_trip152029020_06:45:00,9,Euro4,Gasoline,Gillig_103,Passenger,0.8375094
06:57:13,25033000,0.0,0.0,Route10G_trip152029020_06:45:00,9,Euro4,Gasoline,Gillig_103,Passenger,0.8375094
06:57:14,25034000,0.0,0.0,Route10G_trip152029020_06:45:00,9,Euro4,Gasoline,Gillig_103,Passenger,0.8375094
06:57:15,25035000,0.0,0.0,Route10G_trip152029020_06:45:00,9,Euro4,Gasoline,Gillig_103,Passenger,0.8375094
06:57:16,25036000,0.0,0.0,Route10G_trip152029020_06:45:00,9,Euro4,Gasoline,Gillig_103,Passenger,0.8375094
06:57:17,25037000,0.0,0.0,Route10G_trip152029020_06:45:00,9,Euro4,Gasoline,Gillig_103,Passenger,0.8375094
06:57:18,25038000,0.0,0.0,Route10G_trip152029020_06:45:00,9,Euro4,Gasoline,Gillig_103,Passenger,0.8375094
06:57:19,25039000,0.0,0.0,Route10G_trip152029020_06:45:00,9,Euro4,Gasoline,Gillig_103,Passenger,0.8375094
06:57:20,25040000,0.0,0.0,Route10G_trip152029020_06:45:00,9,Euro4,Gasoline,Gillig_103,Passenger,0.8375094
06:57:21,25041000,0.0,0.0,Route10G_trip152029020_06:45:00,9,Euro4,Gasoline,Gillig_103,Passenger,0.8375094
06:57:22,25042000,0.0,0.0,Route10G_trip152029020_06:45:00,9,Euro4,Gasoline,Gillig_103,Passenger,0.8375094
06:57:23,25043000,0.0,0.0,Route10G_trip152029020_06:45:00,9,Euro4,Gasoline,Gillig_103,Passenger,0.8375094
06:57:24,25044000,0.0,0.0,Route10G_trip152029020_06:45:00,9,Euro4,Gasoline,Gillig_103,Passenger,0.8375094
06:57:25,25045000,0.0,0.0,Route10G_trip152029020_06:45:00,9,Euro4,Gasoline,Gillig_103,Passenger,0.8375094
06:57:26,25046000,0.0,0.0,Route10G_trip152029020_06:45:00,9,Euro4,Gasoline,Gillig_103,Passenger,0.8375094
06:57:27,25047000,0.0,0.0,Route10G_trip152029020_06:45:00,9,Euro4,Gasoline,Gillig_103,Passenger,0.8375094
06:57:28,25048000,0.0,0.0,Route10G_trip152029020_06:45:00,9,Euro4,Gasoline,Gillig_103,Passenger,0.8375094
06:57:29,25049000,0.0,0.0,Route10G_trip152029020_06:45:00,9,Euro4,Gasoline,Gillig_103,Passenger,0.8375094
06:57:30,25050000,0.0,0.0,Route10G_trip152029020_06:45:00,9,Euro4,Gasoline,Gillig_103,Passenger,0.8375094
06:57:31,25051000,0.0,0.0,Route10G_trip152029020_06:45:00,9,Euro4,Gasoline,Gillig_103,Passenger,0.8375094
06:57:32,25052000,0.0,0.0,Route10G_trip152029020_06:45:00,9,Euro4,Gasoline,Gillig_103,Passenger,0.8375094
06:57:33,25053000,0.0,0.0,Route10G_trip152029020_06:45:00,9,Euro4,Gasoline,Gillig_103,Passenger,0.8375094
06:57:34,25054000,2.3040000000000003,0.64,Route10G_trip152029020_06:45:00,9,Euro4,Gasoline,Gillig_103,Passenger,2.8136454
06:57:35,25055000,6.336,1.115,Route10G_trip152029020_06:45:00,9,Euro4,Gasoline,Gillig_103,Passenger,6.9468985
06:57:36,25056000,9.828000000000001,0.975,Route10G_trip152029020_06:45:00,9,Euro4,Gasoline,Gillig_103,Passenger,6.0687146
06:57:37,25057000,12.888000000000002,0.855,Route10G_trip152029020_06:45:00,9,Euro4,Gasoline,Gillig_103,Passenger,5.326043
06:57:38,25058000,15.192000000000002,0.64,Route10G_trip152029020_06:45:00,9,Euro4,Gasoline,Gillig_103,Passenger,3.8743007
06:57:39,25059000,18.180000000000003,0.8270000000000001,Route10G_trip152029020_06:45:00,9,Euro4,Gasoline,Gillig_103,Passenger,5.841432
06:57:40,25060000,21.168000000000003,0.8270000000000001,Route10G_trip152029020_06:45:00,9,Euro4,Gasoline,Gillig_103,Passenger,6.2909226
06:57:41,25061000,24.876,1.03,Route10G_trip152029020_06:45:00,9,Euro4,Gasoline,Gillig_103,Passenger,8.883789
06:57:42,25062000,28.944000000000003,1.1360000000000001,Route10G_trip152029020_06:45:00,9,Euro4,Gasoline,Gillig_103,Passenger,10.5583935
06:57:43,25063000,31.464000000000002,0.7010000000000001,Route10G_trip152029020_06:45:00,9,Euro4,Gasoline,Gillig_103,Passenger,6.5766273
06:57:44,25064000,35.208000000000006,1.037,Route10G_trip152029020_06:45:00,9,Euro4,Gasoline,Gillig_103,Passenger,10.508229
06:57:45,25065000,39.168000000000006,1.098,Route10G_trip152029020_06:45:00,9,Euro4,Gasoline,Gillig_103,Passenger,11.715464
06:57:46,25066000,41.580000000000005,0.665,Route10G_trip152029020_06:45:00,9,Euro4,Gasoline,Gillig_103,Passenger,7.737502
06:57:47,25067000,44.928000000000004,0.935,Route10G_trip152029020_06:45:00,9,Euro4,Gasoline,Gillig_103,Passenger,10.947885
06:57:48,25068000,47.916000000000004,0.8290000000000001,Route10G_trip152029020_06:45:00,9,Euro4,Gasoline,Gillig_103,Passenger,10.334731
06:57:49,25069000,51.732000000000006,1.064,Route10G_trip152029020_06:45:00,9,Euro4,Gasoline,Gillig_103,Passenger,13.264643
06:57:50,25070000,34.452000000000005,-4.799,Route10G_trip152029020_06:45:00,9,Euro4,Gasoline,Gillig_103,Passenger,0.59618527
06:57:51,25071000,17.172,-4.799,Route10G_trip152029020_06:45:00,9,Euro4,Gasoline,Gillig_103,Passenger,0.59618527
06:57:52,25072000,0.28800000000000003,-4.695,Route10G_trip152029020_06:45:00,9,Euro4,Gasoline,Gillig_103,Passenger,0.59618527
06:57:53,25073000,0.0,-0.076,Route10G_trip152029020_06:45:00,9,Euro4,Gasoline,Gillig_103,Passenger,0.8231163
06:57:54,25074000,0.0,0.0,Route10G_trip152029020_06:45:00,9,Euro4,Gasoline,Gillig_103,Passenger,0.8375094
06:57:55,25075000,0.0,0.0,Route10G_trip152029020_06:45:00,9,Euro4,Gasoline,Gillig_103,Passenger,0.8375094
06:57:56,25076000,0.0,0.0,Route10G_trip152029020_06:45:00,9,Euro4,Gasoline,Gillig_103,Passenger,0.8375094
06:57:57,25077000,0.0,0.0,Route10G_trip152029020_06:45:00,9,Euro4,Gasoline,Gillig_103,Passenger,0.8375094
06:57:58,25078000,0.0,0.0,Route10G_trip152029020_06:45:00,9,Euro4,Gasoline,Gillig_103,Passenger,0.8375094
06:57:59,25079000,0.0,0.0,Route10G_trip152029020_06:45:00,9,Euro4,Gasoline,Gillig_103,Passenger,0.8375094
06:58:00,25080000,0.0,0.0,Route10G_trip152029020_06:45:00,9,Euro4,Gasoline,Gillig_103,Passenger,0.8375094
06:58:01,25081000,0.0,0.0,Route10G_trip152029020_06:45:00,9,Euro4,Gasoline,Gillig_103,Passenger,0.8375094
06:58:02,25082000,0.0,0.0,Route10G_trip152029020_06:45:00,9,Euro4,Gasoline,Gillig_103,Passenger,0.8375094
06:58:03,25083000,0.0,0.0,Route10G_trip152029020_06:45:00,9,Euro4,Gasoline,Gillig_103,Passenger,0.8375094
06:58:04,25084000,0.0,0.0,Route10G_trip152029020_06:45:00,9,Euro4,Gasoline,Gillig_103,Passenger,0.8375094
06:58:05,25085000,0.0,0.0,Route10G_trip152029020_06:45:00,9,Euro4,Gasoline,Gillig_103,Passenger,0.8375094
06:58:06,25086000,0.0,0.0,Route10G_trip152029020_06:45:00,9,Euro4,Gasoline,Gillig_103,Passenger,0.8375094
06:58:07,25087000,0.0,0.0,Route10G_trip152029020_06:45:00,9,Euro4,Gasoline,Gillig_103,Passenger,0.8375094
06:58:08,25088000,0.0,0.0,Route10G_trip152029020_06:45:00,9,Euro4,Gasoline,Gillig_103,Passenger,0.8375094
06:58:09,25089000,0.0,0.0,Route10G_trip152029020_06:45:00,9,Euro4,Gasoline,Gillig_103,Passenger,0.8375094
06:58:10,25090000,0.0,0.0,Route10G_trip152029020_06:45:00,9,Euro4,Gasoline,Gillig_103,Passenger,0.8375094
06:58:11,25091000,0.0,0.0,Route10G_trip152029020_06:45:00,9,Euro4,Gasoline,Gillig_103,Passenger,0.8375094
06:58:12,25092000,0.0,0.0,Route10G_trip152029020_06:45:00,9,Euro4,Gasoline,Gillig_103,Passenger,0.8375094
06:58:13,25093000,0.0,0.0,Route10G_trip152029020_06:45:00,9,Euro4,Gasoline,Gillig_103,Passenger,0.8375094
06:58:14,25094000,0.0,0.0,Route10G_trip152029020_06:45:00,9,Euro4,Gasoline,Gillig_103,Passenger,0.8375094
06:58:15,25095000,0.0,0.0,Route10G_trip152029020_06:45:00,9,Euro4,Gasoline,Gillig_103,Passenger,0.8375094
06:58:16,25096000,0.0,0.0,Route10G_trip152029020_06:45:00,9,Euro4,Gasoline,Gillig_103,Passenger,0.8375094
06:58:17,25097000,0.0,0.0,Route10G_trip152029020_06:45:00,9,Euro4,Gasoline,Gillig_103,Passenger,0.8375094
06:58:18,25098000,0.0,0.0,Route10G_trip152029020_06:45:00,9,Euro4,Gasoline,Gillig_103,Passenger,0.8375094
06:58:19,25099000,0.0,0.0,Route10G_trip152029020_06:45:00,9,Euro4,Gasoline,Gillig_103,Passenger,0.8375094
06:58:20,25100000,0.0,0.0,Route10G_trip152029020_06:45:00,9,Euro4,Gasoline,Gillig_103,Passenger,0.8375094
06:58:21,25101000,0.0,0.0,Route10G_trip152029020_06:45:00,9,Euro4,Gasoline,Gillig_103,Passenger,0.8375094
06:58:22,25102000,0.036000000000000004,0.008,Route10G_trip152029020_06:45:00,9,Euro4,Gasoline,Gillig_103,Passenger,0.83892816
06:58:23,25103000,0.5760000000000001,0.155,Route10G_trip152029020_06:45:00,9,Euro4,Gasoline,Gillig_103,Passenger,0.9296023
06:58:24,25104000,4.572000000000001,1.109,Route10G_trip152029020_06:45:00,9,Euro4,Gasoline,Gillig_103,Passenger,6.621386
06:58:25,25105000,7.992000000000001,0.9500000000000001,Route10G_trip152029020_06:45:00,9,Euro4,Gasoline,Gillig_103,Passenger,5.5418973
06:58:26,25106000,10.692000000000002,0.75,Route10G_trip152029020_06:45:00,9,Euro4,Gasoline,Gillig_103,Passenger,4.166347
06:58:27,25107000,14.112000000000002,0.9510000000000001,Route10G_trip152029020_06:45:00,9,Euro4,Gasoline,Gillig_103,Passenger,6.472567
06:58:28,25108000,16.380000000000003,0.631,Route10G_trip152029020_06:45:00,9,Euro4,Gasoline,Gillig_103,Passenger,3.92577
06:58:29,25109000,19.764000000000003,0.933,Route10G_trip152029020_06:45:00,9,Euro4,Gasoline,Gillig_103,Passenger,7.142361
06:58:30,25110000,23.688000000000002,1.094,Route10G_trip152029020_06:45:00,9,Euro4,Gasoline,Gillig_103,Passenger,9.346674
06:58:31,25111000,27.936000000000003,1.184,Route10G_trip152029020_06:45:00,9,Euro4,Gasoline,Gillig_103,Passenger,10.887955
06:58:32,25112000,30.420000000000005,0.687,Route10G_trip152029020_06:45:00,9,Euro4,Gasoline,Gillig_103,Passenger,6.2792273
06:58:33,25113000,32.652,0.623,Route10G_trip152029020_06:45:00,9,Euro4,Gasoline,Gillig_103,Passenger,5.973396
06:58:34,25114000,36.612,1.096,Route10G_trip152029020_06:45:00,9,Euro4,Gasoline,Gillig_103,Passenger,11.310908
06:58:35,25115000,40.86000000000001,1.176,Route10G_trip152029020_06:45:00,9,Euro4,Gasoline,Gillig_103,Passenger,12.751941
06:58:36,25116000,44.28000000000001,0.9570000000000001,Route10G_trip152029020_06:45:00,9,Euro4,Gasoline,Gillig_103,Passenger,11.070953
06:58:37,25117000,48.42000000000001,1.1520000000000001,Route10G_trip152029020_06:45:00,9,Euro4,Gasoline,Gillig_103,Passenger,13.648608
06:58:38,25118000,52.48800000000001,1.1280000000000001,Route10G_trip152029020_06:45:00,9,Euro4,Gasoline,Gillig_103,Passenger,14.019967
06:58:39,25119000,55.54800000000001,0.847,Route10G_trip152029020_06:45:00,9,Euro4,Gasoline,Gillig_103,Passenger,11.663279
06:58:40,25120000,58.71600000000001,0.882,Route10G_trip152029020_06:45:00,9,Euro4,Gasoline,Gillig_103,Passenger,12.490722
06:58:41,25121000,56.84400000000001,-0.523,Route10G_trip152029020_06:45:00,9,Euro4,Gasoline,Gillig_103,Passenger,1.5968962
06:58:42,25122000,57.852000000000004,0.28600000000000003,Route10G_trip152029020_06:45:00,9,Euro4,Gasoline,Gillig_103,Passenger,6.385877
06:58:43,25123000,58.824000000000005,0.268,Route10G_trip152029020_06:45:00,9,Euro4,Gasoline,Gillig_103,Passenger,6.351648
06:58:44,25124000,56.84400000000001,-0.553,Route10G_trip152029020_06:45:00,9,Euro4,Gasoline,Gillig_103,Passenger,1.5539093
06:58:45,25125000,58.104000000000006,0.357,Route10G_trip152029020_06:45:00,9,Euro4,Gasoline,Gillig_103,Passenger,7.1355577
06:58:46,25126000,58.464000000000006,0.1,Route10G_trip152029020_06:45:00,9,Euro4,Gasoline,Gillig_103,Passenger,4.6133003
06:58:47,25127000,57.81600000000001,-0.187,Route10G_trip152029020_06:45:00,9,Euro4,Gasoline,Gillig_103,Passenger,2.6000812
06:58:48,25128000,42.804,-4.167,Route10G_trip152029020_06:45:00,9,Euro4,Gasoline,Gillig_103,Passenger,0.59618527
06:58:49,25129000,27.900000000000002,-4.139,Route10G_trip152029020_06:45:00,9,Euro4,Gasoline,Gillig_103,Passenger,0.59618527
06:58:50,25130000,10.620000000000001,-4.799,Route10G_trip152029020_06:45:00,9,Euro4,Gasoline,Gillig_103,Passenger,0.59618527
06:58:51,25131000,0.54,-2.797,Route10G_trip152029020_06:45:00,9,Euro4,Gasoline,Gillig_103,Passenger,0.59618527
06:58:52,25132000,0.21600000000000003,-0.088,Route10G_trip152029020_06:45:00,9,Euro4,Gasoline,Gillig_103,Passenger,0.820266
06:58:53,25133000,0.0,-0.06,Route10G_trip152029020_06:45:00,9,Euro4,Gasoline,Gillig_103,Passenger,0.8261464
06:58:54,25134000,0.0,0.0,Route10G_trip152029020_06:45:00,9,Euro4,Gasoline,Gillig_103,Passenger,0.8375094
06:58:55,25135000,0.0,0.0,Route10G_trip152029020_06:45:00,9,Euro4,Gasoline,Gillig_103,Passenger,0.8375094
06:58:56,25136000,0.0,0.0,Route10G_trip152029020_06:45:00,9,Euro4,Gasoline,Gillig_103,Passenger,0.8375094
06:58:57,25137000,0.0,0.0,Route10G_trip152029020_06:45:00,9,Euro4,Gasoline,Gillig_103,Passenger,0.8375094
06:58:58,25138000,0.0,0.0,Route10G_trip152029020_06:45:00,9,Euro4,Gasoline,Gillig_103,Passenger,0.8375094
06:58:59,25139000,0.0,0.0,Route10G_trip152029020_06:45:00,9,Euro4,Gasoline,Gillig_103,Passenger,0.8375094
06:59:00,25140000,0.0,0.0,Route10G_trip152029020_06:45:00,9,Euro4,Gasoline,Gillig_103,Passenger,0.8375094
06:59:01,25141000,0.0,0.0,Route10G_trip152029020_06:45:00,9,Euro4,Gasoline,Gillig_103,Passenger,0.8375094
06:59:02,25142000,0.0,0.0,Route10G_trip152029020_06:45:00,9,Euro4,Gasoline,Gillig_103,Passenger,0.8375094
06:59:03,25143000,0.0,0.0,Route10G_trip152029020_06:45:00,9,Euro4,Gasoline,Gillig_103,Passenger,0.8375094
06:59:04,25144000,0.0,0.0,Route10G_trip152029020_06:45:00,9,Euro4,Gasoline,Gillig_103,Passenger,0.8375094
06:59:05,25145000,0.0,0.0,Route10G_trip152029020_06:45:00,9,Euro4,Gasoline,Gillig_103,Passenger,0.8375094
06:59:06,25146000,0.0,0.0,Route10G_trip152029020_06:45:00,9,Euro4,Gasoline,Gillig_103,Passenger,0.8375094
06:59:07,25147000,0.0,0.0,Route10G_trip152029020_06:45:00,9,Euro4,Gasoline,Gillig_103,Passenger,0.8375094
06:59:08,25148000,0.0,0.0,Route10G_trip152029020_06:45:00,9,Euro4,Gasoline,Gillig_103,Passenger,0.8375094
06:59:09,25149000,0.0,0.0,Route10G_trip152029020_06:45:00,9,Euro4,Gasoline,Gillig_103,Passenger,0.8375094
06:59:10,25150000,0.0,0.0,Route10G_trip152029020_06:45:00,9,Euro4,Gasoline,Gillig_103,Passenger,0.8375094
06:59:11,25151000,0.0,0.0,Route10G_trip152029020_06:45:00,9,Euro4,Gasoline,Gillig_103,Passenger,0.8375094
06:59:12,25152000,0.0,0.0,Route10G_trip152029020_06:45:00,9,Euro4,Gasoline,Gillig_103,Passenger,0.8375094
06:59:13,25153000,0.0,0.0,Route10G_trip152029020_06:45:00,9,Euro4,Gasoline,Gillig_103,Passenger,0.8375094
06:59:14,25154000,0.0,0.0,Route10G_trip152029020_06:45:00,9,Euro4,Gasoline,Gillig_103,Passenger,0.8375094
06:59:15,25155000,0.0,0.0,Route10G_trip152029020_06:45:00,9,Euro4,Gasoline,Gillig_103,Passenger,0.8375094
06:59:16,25156000,0.0,0.0,Route10G_trip152029020_06:45:00,9,Euro4,Gasoline,Gillig_103,Passenger,0.8375094
06:59:17,25157000,0.0,0.0,Route10G_trip152029020_06:45:00,9,Euro4,Gasoline,Gillig_103,Passenger,0.8375094
06:59:18,25158000,0.0,0.0,Route10G_trip152029020_06:45:00,9,Euro4,Gasoline,Gillig_103,Passenger,0.8375094
06:59:19,25159000,0.0,0.0,Route10G_trip152029020_06:45:00,9,Euro4,Gasoline,Gillig_103,Passenger,0.8375094
06:59:20,25160000,0.0,0.0,Route10G_trip152029020_06:45:00,9,Euro4,Gasoline,Gillig_103,Passenger,0.8375094
06:59:21,25161000,0.0,0.0,Route10G_trip152029020_06:45:00,9,Euro4,Gasoline,Gillig_103,Passenger,0.8375094
06:59:22,25162000,0.036000000000000004,0.006,Route10G_trip152029020_06:45:00,9,Euro4,Gasoline,Gillig_103,Passenger,0.8385494
06:59:23,25163000,3.3120000000000003,0.918,Route10G_trip152029020_06:45:00,9,Euro4,Gasoline,Gillig_103,Passenger,4.565748
06:59:24,25164000,5.724000000000001,0.665,Route10G_trip152029020_06:45:00,9,Euro4,Gasoline,Gillig_103,Passenger,3.2305377
06:59:25,25165000,10.044,1.2,Route10G_trip152029020_06:45:00,9,Euro4,Gasoline,Gillig_103,Passenger,8.356823
06:59:26,25166000,12.708000000000002,0.738,Route10G_trip152029020_06:45:00,9,Euro4,Gasoline,Gillig_103,Passenger,4.2746854
06:59:27,25167000,15.120000000000001,0.673,Route10G_trip152029020_06:45:00,9,Euro4,Gasoline,Gillig_103,Passenger,4.079398
06:59:28,25168000,18.396,0.914,Route10G_trip152029020_06:45:00,9,Euro4,Gasoline,Gillig_103,Passenger,6.7460947
06:59:29,25169000,22.104000000000003,1.025,Route10G_trip152029020_06:45:00,9,Euro4,Gasoline,Gillig_103,Passenger,8.416667
06:59:30,25170000,25.812000000000005,1.03,Route10G_trip152029020_06:45:00,9,Euro4,Gasoline,Gillig_103,Passenger,9.024594
06:59:31,25171000,28.908000000000005,0.86,Route10G_trip152029020_06:45:00,9,Euro4,Gasoline,Gillig_103,Passenger,7.7860913
06:59:32,25172000,32.79600000000001,1.083,Route10G_trip152029020_06:45:00,9,Euro4,Gasoline,Gillig_103,Passenger,10.606535
06:59:33,25173000,36.036,0.894,Route10G_trip152029020_06:45:00,9,Euro4,Gasoline,Gillig_103,Passenger,9.199219
06:59:34,25174000,39.20400000000001,0.888,Route10G_trip152029020_06:45:00,9,Euro4,Gasoline,Gillig_103,Passenger,9.615639
06:59:35,25175000,43.48800000000001,1.183,Route10G_trip152029020_06:45:00,9,Euro4,Gasoline,Gillig_103,Passenger,13.21745
06:59:36,25176000,46.764,0.912,Route10G_trip152029020_06:45:00,9,Euro4,Gasoline,Gillig_103,Passenger,10.9935055
06:59:37,25177000,49.824000000000005,0.85,Route10G_trip152029020_06:45:00,9,Euro4,Gasoline,Gillig_103,Passenger,10.83228
06:59:38,25178000,51.516000000000005,0.47300000000000003,Route10G_trip152029020_06:45:00,9,Euro4,Gasoline,Gillig_103,Passenger,7.3074045
06:59:39,25179000,49.86000000000001,-0.466,Route10G_trip152029020_06:45:00,9,Euro4,Gasoline,Gillig_103,Passenger,1.4614742
06:59:40,25180000,51.19200000000001,0.373,Route10G_trip152029020_06:45:00,9,Euro4,Gasoline,Gillig_103,Passenger,6.2561693
06:59:41,25181000,50.07600000000001,-0.307,Route10G_trip152029020_06:45:00,9,Euro4,Gasoline,Gillig_103,Passenger,1.7501698
06:59:42,25182000,51.444,0.381,Route10G_trip152029020_06:45:00,9,Euro4,Gasoline,Gillig_103,Passenger,6.3742785
06:59:43,25183000,50.47200000000001,-0.276,Route10G_trip152029020_06:45:00,9,Euro4,Gasoline,Gillig_103,Passenger,1.8712807
06:59:44,25184000,51.660000000000004,0.33,Route10G_trip152029020_06:45:00,9,Euro4,Gasoline,Gillig_103,Passenger,5.895499
06:59:45,25185000,50.328,-0.368,Route10G_trip152029020_06:45:00,9,Euro4,Gasoline,Gillig_103,Passenger,1.635075
06:59:46,25186000,50.724000000000004,0.109,Route10G_trip152029020_06:45:00,9,Euro4,Gasoline,Gillig_103,Passenger,3.7339716
06:59:47,25187000,50.364000000000004,-0.09,Route10G_trip152029020_06:45:00,9,Euro4,Gasoline,Gillig_103,Passenger,2.5493796
06:59:48,25188000,50.724000000000004,0.095,Route10G_trip152029020_06:45:00,9,Euro4,Gasoline,Gillig_103,Passenger,3.6441529
06:59:49,25189000,50.07600000000001,-0.178,Route10G_trip152029020_06:45:00,9,Euro4,Gasoline,Gillig_103,Passenger,2.1724358
06:59:50,25190000,51.37200000000001,0.361,Route10G_trip152029020_06:45:00,9,Euro4,Gasoline,Gillig_103,Passenger,6.1629477
06:59:51,25191000,49.89600000000001,-0.40900000000000003,Route10G_trip152029020_06:45:00,9,Euro4,Gasoline,Gillig_103,Passenger,1.5550686
06:59:52,25192000,49.824000000000005,-0.025,Route10G_trip152029020_06:45:00,9,Euro4,Gasoline,Gillig_103,Passenger,2.8739526
06:59:53,25193000,51.37200000000001,0.436,Route10G_trip152029020_06:45:00,9,Euro4,Gasoline,Gillig_103,Passenger,6.9148197
06:59:54,25194000,50.61600000000001,-0.213,Route10G_trip152029020_06:45:00,9,Euro4,Gasoline,Gillig_103,Passenger,2.0846434
06:59:55,25195000,50.724000000000004,0.035,Route10G_trip152029020_06:45:00,9,Euro4,Gasoline,Gillig_103,Passenger,3.286145
06:59:56,25196000,50.83200000000001,0.025,Route10G_trip152029020_06:45:00,9,Euro4,Gasoline,Gillig_103,Passenger,3.2382176
06:59:57,25197000,51.480000000000004,0.187,Route10G_trip152029020_06:45:00,9,Euro4,Gasoline,Gillig_103,Passenger,4.434853
06:59:58,25198000,51.84,0.1,Route10G_trip152029020_06:45:00,9,Euro4,Gasoline,Gillig_103,Passenger,3.7788224
06:59:59,25199000,50.29200000000001,-0.437,Route10G_trip152029020_06:45:00,9,Euro4,Gasoline,Gillig_103,Passenger,1.5220132
